10.92835
12.09746
9.202814
9.565941
11.6178
11.29272
8.380177
10.8112
11.42538
9.731446
10.16246
8.693684
10.912
10.51862
9.253656
10.81139
10.27122
11.05792
11.35023
10.25416
10.92835
12.09746
9.202814
9.565941
11.6178
11.29272
8.380177
10.8112
11.42538
9.731446
10.16246
8.693684
10.912
10.51862
9.253656
10.81139
10.27122
11.05792
11.35023
10.25416
10.92835
12.09746
9.202814
9.565941
11.6178
11.29272
8.380177
10.8112
11.42538
9.731446
10.16246
8.693684
10.912
10.51862
9.253656
10.81139
10.27122
11.05792
11.35023
10.25416
10.92835
12.09746
9.202814
9.565941
11.6178
11.29272
8.380177
10.8112
11.42538
9.731446
10.16246
8.693684
10.912
10.51862
9.253656
10.81139
10.27122
11.05792
11.35023
10.25416
10.92835
12.09746
9.202814
9.565941
11.6178
11.29272
8.380177
10.8112
11.42538
9.731446
10.16246
8.693684
10.912
10.51862
9.253656
10.81139
10.27122
11.05792
11.35023
10.25416
10.92835
12.09746
9.202814
9.565941
11.6178
11.29272
8.380177
10.8112
11.42538
9.731446
10.16246
8.693684
10.912
10.51862
9.253656
10.81139
10.27122
11.05792
11.35023
10.25416
10.92835
12.09746
9.202814
9.565941
11.6178
11.29272
8.380177
10.8112
11.42538
9.731446
10.16246
8.693684
10.912
10.51862
9.253656
10.81139
10.27122
11.05792
11.35023
10.25416
10.92835
12.09746
9.202814
9.565941
11.6178
11.29272
8.380177
10.8112
11.42538
9.731446
10.16246
8.693684
10.912
10.51862
9.253656
10.81139
10.27122
11.05792
11.35023
10.25416
10.92835
12.09746
9.202814
9.565941
11.6178
11.29272
8.380177
10.8112
11.42538
9.731446
10.16246
8.693684
10.912
10.51862
9.253656
10.81139
10.27122
11.05792
11.35023
10.25416
10.92835
12.09746
9.202814
9.565941
11.6178
11.29272
8.380177
10.8112
11.42538
9.731446
10.16246
8.693684
10.912
10.51862
9.253656
10.81139
10.27122
11.05792
11.35023
10.25416
7.301654
6.796305
9.602762
7.692973
6.820421
7.130821
7.581618
6.305915
6.594101
7.273861
6.947576
7.585044
6.947041
7.823768
7.888805
6.659204
7.632365
6.877558
7.852413
6.018868
7.301654
6.796305
9.602762
7.692973
6.820421
7.130821
7.581618
6.305915
6.594101
7.273861
6.947576
7.585044
6.947041
7.823768
7.888805
6.659204
7.632365
6.877558
7.852413
6.018868
7.301654
6.796305
9.602762
7.692973
6.820421
7.130821
7.581618
6.305915
6.594101
7.273861
6.947576
7.585044
6.947041
7.823768
7.888805
6.659204
7.632365
6.877558
7.852413
6.018868
7.301654
6.796305
9.602762
7.692973
6.820421
7.130821
7.581618
6.305915
6.594101
7.273861
6.947576
7.585044
6.947041
7.823768
7.888805
6.659204
7.632365
6.877558
7.852413
6.018868
7.301654
6.796305
9.602762
7.692973
6.820421
7.130821
7.581618
6.305915
6.594101
7.273861
6.947576
7.585044
6.947041
7.823768
7.888805
6.659204
7.632365
6.877558
7.852413
6.018868
10.92835
12.09746
9.202814
9.565941
11.6178
11.29272
8.380177
10.8112
11.42538
9.731446
10.16246
8.693684
10.912
10.51862
9.253656
10.81139
10.27122
11.05792
11.35023
10.25416
10.92835
12.09746
9.202814
9.565941
11.6178
11.29272
8.380177
10.8112
11.42538
9.731446
10.16246
8.693684
10.912
10.51862
9.253656
10.81139
10.27122
11.05792
11.35023
10.25416
10.92835
12.09746
9.202814
9.565941
11.6178
11.29272
8.380177
10.8112
11.42538
9.731446
10.16246
8.693684
10.912
10.51862
9.253656
10.81139
10.27122
11.05792
11.35023
10.25416
10.92835
12.09746
9.202814
9.565941
11.6178
11.29272
8.380177
10.8112
11.42538
9.731446
10.16246
8.693684
10.912
10.51862
9.253656
10.81139
10.27122
11.05792
11.35023
10.25416
10.92835
12.09746
9.202814
9.565941
11.6178
11.29272
8.380177
10.8112
11.42538
9.731446
10.16246
8.693684
10.912
10.51862
9.253656
10.81139
10.27122
11.05792
11.35023
10.25416
10.92835
12.09746
9.202814
9.565941
11.6178
11.29272
8.380177
10.8112
11.42538
9.731446
10.16246
8.693684
10.912
10.51862
9.253656
10.81139
10.27122
11.05792
11.35023
10.25416
10.92835
12.09746
9.202814
9.565941
11.6178
11.29272
8.380177
10.8112
11.42538
9.731446
10.16246
8.693684
10.912
10.51862
9.253656
10.81139
10.27122
11.05792
11.35023
10.25416
10.92835
12.09746
9.202814
9.565941
11.6178
11.29272
8.380177
10.8112
11.42538
9.731446
10.16246
8.693684
10.912
10.51862
9.253656
10.81139
10.27122
11.05792
11.35023
10.25416
10.92835
12.09746
9.202814
9.565941
11.6178
11.29272
8.380177
10.8112
11.42538
9.731446
10.16246
8.693684
10.912
10.51862
9.253656
10.81139
10.27122
11.05792
11.35023
10.25416
10.92835
12.09746
9.202814
9.565941
11.6178
11.29272
8.380177
10.8112
11.42538
9.731446
10.16246
8.693684
10.912
10.51862
9.253656
10.81139
10.27122
11.05792
11.35023
10.25416
7.301654
6.796305
9.602762
7.692973
6.820421
7.130821
7.581618
6.305915
6.594101
7.273861
6.947576
7.585044
6.947041
7.823768
7.888805
6.659204
7.632365
6.877558
7.852413
6.018868
7.301654
6.796305
9.602762
7.692973
6.820421
7.130821
7.581618
6.305915
6.594101
7.273861
6.947576
7.585044
6.947041
7.823768
7.888805
6.659204
7.632365
6.877558
7.852413
6.018868
7.301654
6.796305
9.602762
7.692973
6.820421
7.130821
7.581618
6.305915
6.594101
7.273861
6.947576
7.585044
6.947041
7.823768
7.888805
6.659204
7.632365
6.877558
7.852413
6.018868
7.301654
6.796305
9.602762
7.692973
6.820421
7.130821
7.581618
6.305915
6.594101
7.273861
6.947576
7.585044
6.947041
7.823768
7.888805
6.659204
7.632365
6.877558
7.852413
6.018868
7.301654
6.796305
9.602762
7.692973
6.820421
7.130821
7.581618
6.305915
6.594101
7.273861
6.947576
7.585044
6.947041
7.823768
7.888805
6.659204
7.632365
6.877558
7.852413
6.018868
