10.92835
12.09746
9.202814
9.565941
11.6178
11.29272
8.380177
10.8112
11.42538
9.731446
10.16246
8.693684
10.912
10.51862
9.253656
10.81139
10.27122
11.05792
11.35023
10.25416
-------
12.09746
11.6178
11.42538
11.35023
11.29272
10.82806
10.24725
10.19705
13.65319
10.74338
10.73996
11.74552
11.40901
10.8112
10.78938
11.36979
13.6563
10.27122
10.36839
9.699144
-------
10.27122
11.42538
10.92835
8.693684
12.09746
11.58417
10.94996
12.46138
14.50982
12.5118
10.78104
10.80853
13.65319
9.858904
10.82806
10.46622
11.40901
12.75752
11.1078
11.7411
-------
11.42538
10.912
11.05792
9.731446
10.8112
10.26739
11.81913
1e-06
10.55534
10.94996
12.00708
10.78104
14.50982
12.5118
13.65319
10.87641
9.820603
10.50661
10.82806
12.09746
-------
10.912
9.253656
10.51862
10.25416
10.16246
10.45832
11.63527
11.58417
11.40901
11.81913
10.94996
10.26739
12.89468
10.44505
14.50982
10.3664
11.5162
11.40901
10.80853
13.65319
-------
9.253656
10.25416
10.912
9.731446
8.380177
14.30719
10.87641
10.50661
11.58417
10.94996
10.20621
10.94996
11.7411
10.26739
13.65319
12.09746
14.50982
1e-06
11.40901
13.65319
-------
10.27122
11.29272
9.253656
10.25416
10.81139
11.58417
14.50982
9.820603
13.65319
9.741454
11.5162
10.74338
11.12734
10.82806
10.94996
10.26739
14.30719
13.65319
10.94996
11.40901
-------
8.380177
10.27122
11.42538
11.05792
11.29272
14.50982
14.50982
1e-06
13.65319
10.8002
12.09746
10.26739
1e-06
11.88446
11.81913
1e-06
11.58417
10.26739
13.65319
10.74338
-------
11.29272
8.380177
11.42538
11.35023
10.16246
10.94996
11.67224
11.07688
14.50982
11.58417
10.66996
12.09746
9.858904
10.82806
10.94996
10.26739
10.94996
9.820603
11.3326
11.0164
-------
11.42538
8.693684
8.380177
9.731446
9.202814
13.65319
10.94996
11.40901
10.80853
10.46622
11.58417
10.8002
14.50982
12.09746
10.36839
14.50982
10.26019
10.16397
12.36248
10.73996
-------
7.301654
6.796305
9.602762
7.692973
6.820421
7.130821
7.581618
6.305915
6.594101
7.273861
6.947576
7.585044
6.947041
7.823768
7.888805
6.659204
7.632365
6.877558
7.852413
6.018868
-------
9.602762
7.888805
7.852413
7.823768
7.692973
7.017513
7.812942
7.885957
6.34685
8.327072
9.037893
8.666033
8.555972
6.9187
7.137087
7.361564
7.276799
7.483621
8.218609
7.325683
-------
7.301654
6.947576
7.585044
6.947041
7.273861
8.535788
8.042972
9.1758
8.097867
7.242541
8.029054
7.294086
7.730944
7.007866
7.76434
7.885957
7.888805
8.209926
6.816509
5.974024
-------
6.305915
7.130821
6.877558
6.594101
7.581618
8.666033
8.489804
7.618015
9.1758
8.042972
7.194792
8.666033
7.640823
8.535788
8.097867
7.618015
9.037893
6.752011
7.294086
7.491659
-------
6.594101
7.632365
7.130821
7.585044
7.823768
7.888805
8.094141
8.042972
8.327072
7.661839
9.1758
7.194792
7.618015
8.666033
8.489804
6.983295
7.618015
7.332987
8.535788
8.105657
-------
6.947576
7.823768
7.852413
7.888805
6.594101
8.235546
6.865022
8.094141
6.9187
8.042972
8.666033
7.661839
9.1758
7.618015
9.037893
7.294086
8.327072
7.76434
8.535788
8.555972
-------
6.947041
7.888805
6.947576
6.018868
7.852413
7.439128
8.094141
7.505093
7.823768
6.865022
8.042972
6.437814
8.535788
7.772678
7.332987
9.1758
8.489804
7.831859
8.327072
8.235546
-------
6.659204
6.947041
7.632365
7.852413
6.018868
7.325683
8.666033
7.661839
8.209926
9.037893
7.618015
6.865022
7.294086
7.888805
6.9187
8.094141
8.042972
9.1758
7.505093
7.618015
-------
6.877558
7.273861
7.581618
6.594101
6.659204
8.042972
6.983295
8.666033
8.327072
8.535788
8.666033
9.1758
6.865022
8.209926
7.618015
7.325683
8.094141
7.294086
8.489804
8.042972
-------
7.585044
6.305915
6.947576
7.273861
7.852413
8.042972
8.094141
8.235546
7.332573
9.1758
8.535788
7.640823
7.76434
7.618015
8.666033
7.618015
6.865022
8.666033
9.037893
8.094141
-------
7.273861
7.852413
7.888805
6.877558
6.947576
7.210328
8.042972
7.661839
8.489804
6.9187
9.1758
7.194792
7.294086
8.489804
8.535788
8.094141
7.618015
6.865022
8.666033
7.730944
-------
6.947576
7.852413
7.888805
6.594101
7.823768
8.327072
7.332987
7.76434
8.042972
8.042972
6.865022
7.661839
7.325683
6.9187
8.042972
7.618015
9.1758
7.344397
9.037893
8.489804
-------
7.632365
7.852413
6.018868
7.130821
6.594101
8.094141
7.888805
8.666033
7.332987
8.327072
7.730944
7.294086
7.76434
8.666033
7.325683
7.831859
8.535788
8.042972
7.661839
9.1758
-------
6.018868
6.305915
7.823768
7.632365
7.273861
9.037893
7.618015
6.865022
8.489804
7.505093
8.094141
8.327072
7.332987
8.094141
7.888805
8.666033
8.094141
7.618015
7.76434
8.042972
-------
7.130821
6.659204
6.594101
7.585044
6.947576
7.76434
7.325683
7.661839
6.9187
9.1758
8.489804
7.210328
7.823768
7.332987
7.618015
8.666033
7.888805
8.327072
7.505093
7.288774
-------
7.273861
6.659204
6.947576
6.877558
7.632365
8.042972
8.235546
7.76434
8.094141
8.693076
8.042972
8.209926
8.666033
9.1758
7.618015
8.535788
7.332987
7.640823
8.105657
8.094141
-------
7.823768
7.273861
6.947041
6.659204
7.581618
7.888805
8.042972
9.037893
7.194792
7.618015
7.332987
8.666033
8.327072
8.094141
8.235546
8.489804
8.042972
8.693076
7.332987
7.661839
-------
6.305915
6.877558
7.585044
6.659204
6.947041
7.371256
7.618015
6.865022
8.666033
8.555972
7.081017
7.332987
9.1758
8.535788
8.327072
7.888805
7.325683
8.666033
8.693076
9.037893
-------
6.947041
6.018868
7.852413
6.594101
6.877558
6.9187
7.505093
8.094141
7.900098
8.235546
7.294086
7.76434
8.235546
6.865022
8.535788
7.194792
8.535788
7.221436
7.294086
8.555972
-------
6.018868
7.888805
7.632365
7.273861
6.947041
7.661839
9.037893
7.831859
7.325683
7.456105
6.9187
7.294086
9.037893
8.666033
6.865022
6.688326
8.327072
7.900098
7.211039
8.535788
-------
7.581618
6.947041
7.823768
6.018868
7.632365
7.888805
7.730944
7.888805
9.037893
7.288774
7.618015
6.865022
6.9187
7.640823
8.555972
7.505093
8.535788
9.037893
7.294086
7.29699
-------
6.594101
6.877558
7.888805
7.632365
7.130821
6.947041
7.325683
8.266962
8.327072
7.900098
8.535788
8.042972
6.865022
8.105657
7.618015
6.865022
9.037893
7.505093
7.772678
8.327072
-------
7.632365
6.947576
6.594101
6.018868
6.305915
7.483621
7.661839
7.006641
7.888805
6.9187
8.555972
9.1758
7.344397
7.831859
8.555972
7.325683
8.065094
6.865022
8.266962
8.042972
-------
7.325883
8.950118
8.323374
9.677112
7.743514
8.761064
8.950118
7.493399
9.122451
7.982074
7.627794
9.807285
7.746353
8.188172
8.35218
9.071967
7.53787
8.267975
7.619796
7.983537
-------
9.807285
9.677112
9.122451
9.071967
8.950118
9.447346
7.743514
10.66131
7.795491
9.807285
7.841849
9.554538
8.874103
8.502612
8.791769
9.629728
8.307048
8.666497
8.597913
9.367109
-------
7.493399
7.325883
7.982074
8.950118
9.071967
8.386751
10.03417
9.230053
9.259741
10.42024
9.094744
8.550089
9.784079
1e-06
9.251459
8.77235
9.534697
9.254987
9.47672
9.807285
-------
7.982074
8.950118
7.983537
7.746353
7.53787
9.240519
9.629728
8.381178
8.770606
8.788334
9.291309
10.03417
10.42024
9.784079
9.139494
9.071967
9.075575
9.230053
9.619912
8.597913
-------
7.746353
9.807285
8.188172
8.950118
7.619796
9.605612
9.807285
9.235628
8.386751
9.784079
9.085473
9.784079
9.534697
9.291309
9.254728
8.328372
9.47672
8.767637
9.240519
10.42024
-------
7.983537
8.950118
8.950118
7.982074
9.807285
9.071967
8.647277
8.788334
9.127681
10.03417
9.096257
8.802293
9.784079
9.240519
9.075575
9.784079
9.807285
10.42024
8.874103
9.240519
-------
8.267975
7.982074
7.743514
7.53787
7.746353
9.47672
9.071967
9.605612
8.650327
8.658468
8.770606
8.712849
9.367109
8.538118
9.127681
9.262436
9.784079
9.837857
11.37969
9.075575
-------
7.619796
8.267975
7.53787
7.493399
8.761064
10.42024
9.784079
9.47672
9.605612
8.277207
8.650327
9.085473
9.784079
9.367109
10.42024
8.217811
9.139494
8.652043
9.784079
10.7103
-------
7.983537
8.761064
8.35218
8.950118
7.746353
9.075575
9.784079
8.874103
10.42024
8.658468
9.837857
8.650327
8.647277
9.075575
9.605612
9.47672
9.085473
8.217811
9.367109
10.42024
-------
9.122451
7.983537
7.627794
8.950118
8.35218
9.075575
9.784079
9.367109
8.650327
10.42024
9.075575
8.386751
10.03417
8.597913
10.03417
9.230053
9.549764
8.761064
8.650327
9.139494
-------
10.92835
12.09746
9.202814
9.565941
11.6178
11.29272
8.380177
10.8112
11.42538
9.731446
10.16246
8.693684
10.912
10.51862
9.253656
10.81139
10.27122
11.05792
11.35023
10.25416
-------
12.09746
11.6178
11.42538
11.35023
11.29272
10.82806
10.24725
10.19705
13.65319
10.74338
10.73996
11.74552
11.40901
10.8112
10.78938
11.36979
13.6563
10.27122
10.36839
9.699144
-------
10.27122
11.42538
10.92835
8.693684
12.09746
11.58417
10.94996
12.46138
14.50982
12.5118
10.78104
10.80853
13.65319
9.858904
10.82806
10.46622
11.40901
12.75752
11.1078
11.7411
-------
11.42538
10.912
11.05792
9.731446
10.8112
10.26739
11.81913
1e-06
10.55534
10.94996
12.00708
10.78104
14.50982
12.5118
13.65319
10.87641
9.820603
10.50661
10.82806
12.09746
-------
10.912
9.253656
10.51862
10.25416
10.16246
10.45832
11.63527
11.58417
11.40901
11.81913
10.94996
10.26739
12.89468
10.44505
14.50982
10.3664
11.5162
11.40901
10.80853
13.65319
-------
9.253656
10.25416
10.912
9.731446
8.380177
14.30719
10.87641
10.50661
11.58417
10.94996
10.20621
10.94996
11.7411
10.26739
13.65319
12.09746
14.50982
1e-06
11.40901
13.65319
-------
10.27122
11.29272
9.253656
10.25416
10.81139
11.58417
14.50982
9.820603
13.65319
9.741454
11.5162
10.74338
11.12734
10.82806
10.94996
10.26739
14.30719
13.65319
10.94996
11.40901
-------
8.380177
10.27122
11.42538
11.05792
11.29272
14.50982
14.50982
1e-06
13.65319
10.8002
12.09746
10.26739
1e-06
11.88446
11.81913
1e-06
11.58417
10.26739
13.65319
10.74338
-------
11.29272
8.380177
11.42538
11.35023
10.16246
10.94996
11.67224
11.07688
14.50982
11.58417
10.66996
12.09746
9.858904
10.82806
10.94996
10.26739
10.94996
9.820603
11.3326
11.0164
-------
11.42538
8.693684
8.380177
9.731446
9.202814
13.65319
10.94996
11.40901
10.80853
10.46622
11.58417
10.8002
14.50982
12.09746
10.36839
14.50982
10.26019
10.16397
12.36248
10.73996
-------
10.912
10.81139
11.29272
11.35023
10.51862
10.82806
13.6563
11.63527
13.65319
10.26739
12.35758
10.94996
10.78938
12.89468
12.09746
14.30719
14.50982
1e-06
10.75285
12.00708
-------
10.27122
10.81139
8.380177
11.42538
10.51862
11.03792
10.82806
13.65319
13.6563
11.40901
11.35023
10.26739
11.67105
1e-06
11.0164
10.94996
13.46559
14.50982
14.30719
11.34002
-------
11.05792
11.35023
11.42538
10.8112
10.27122
12.09746
9.820603
14.30719
12.89468
10.80853
11.08882
13.65319
10.81139
1e-06
11.6178
13.65319
10.94996
11.67105
1e-06
14.50982
-------
10.25416
10.8112
8.693684
10.81139
11.42538
11.40901
10.36839
11.58417
10.75285
14.50982
12.00708
12.09746
14.50982
10.4668
14.30719
10.82806
10.97208
10.94996
13.65319
12.89468
-------
9.731446
10.912
9.253656
11.35023
10.25416
11.98567
11.08882
14.50982
10.26739
10.36839
11.58417
11.40901
13.65319
13.6563
13.65319
10.46622
12.75752
1e-06
10.94996
14.50982
-------
10.8112
10.25416
10.51862
10.912
9.253656
13.65319
12.89468
13.65319
10.26739
11.98567
10.8002
11.29996
12.5118
11.35023
11.40217
1e-06
12.09746
11.58417
10.26739
12.00708
-------
11.29272
10.8112
8.380177
10.912
10.27122
11.95915
12.64156
11.67105
10.82806
10.9945
14.50982
13.65319
11.07688
10.8002
11.40901
13.6563
10.50661
10.75285
12.09746
11.43855
-------
10.16246
10.81139
8.693684
8.380177
11.35023
11.81913
12.35758
10.54675
13.62482
12.52799
11.29272
10.94996
10.82806
10.26739
13.65319
11.88446
12.75752
11.40901
11.58417
14.50982
-------
10.25416
9.253656
11.42538
10.27122
9.731446
10.8002
11.591
10.0283
9.820603
13.31098
12.00708
13.65319
13.62482
11.67105
10.87641
12.35758
10.94996
13.65319
12.75752
10.26739
-------
8.693684
11.05792
10.912
9.731446
11.35023
10.75285
11.40901
1e-06
10.26019
11.14266
14.50982
12.00708
11.5162
11.58417
9.789985
10.82806
12.82336
1e-06
11.97803
13.65319
-------
10.16246
10.25416
10.27122
8.693684
11.35023
13.62482
12.52799
10.94996
11.36011
12.75752
11.07688
11.35485
12.36248
12.00708
14.50982
10.24212
14.30719
11.3326
10.87641
10.26739
-------
9.253656
10.27122
11.29272
9.731446
8.380177
12.75752
11.63527
12.82336
11.58417
10.6606
1e-06
13.65319
1e-06
11.40901
12.5118
12.52799
11.36011
1e-06
10.94996
12.00708
-------
8.693684
10.8112
11.29272
10.81139
9.253656
14.50982
11.25285
10.26739
12.82336
11.58417
12.75752
12.09746
14.30719
10.94996
12.00708
1e-06
13.65319
11.40901
11.36011
10.50661
-------
11.29272
10.912
10.27122
11.42538
10.16246
13.62482
10.6606
10.82806
14.50982
1e-06
10.61898
11.58417
12.75752
11.94429
10.94996
14.30719
12.82336
13.65319
10.26739
14.50982
-------
11.42538
10.25416
10.81139
11.05792
11.29272
11.31517
1e-06
1e-06
11.40901
14.50982
13.62482
12.00708
10.94996
11.36011
12.64689
11.58417
14.30719
1e-06
10.73996
10.82806
-------
9.731446
10.27122
10.16246
9.253656
8.693684
12.14861
1e-06
11.0164
12.75752
13.65319
1e-06
12.82336
11.33434
12.00708
11.40901
1e-06
11.31517
12.09746
11.6178
13.62482
-------
9.731446
10.25416
8.693684
11.42538
11.29272
10.87641
14.50982
14.30719
12.14861
11.81913
11.36011
10.26739
12.82336
11.81197
13.65319
10.94996
11.98567
12.86324
1e-06
12.08441
-------
8.380177
10.8112
9.253656
11.05792
10.912
11.40901
11.40901
11.67105
12.12097
11.25285
12.14861
11.36011
14.50982
11.58417
10.26739
1e-06
12.82336
12.00708
12.78977
13.62482
-------
10.912
10.25416
10.27122
11.35023
10.16246
10.6606
13.65319
10.94996
12.02835
13.65319
10.19211
11.13895
14.30719
11.40901
12.75752
11.25285
12.08441
11.31517
12.00708
12.14861
-------
10.912
8.380177
9.731446
9.253656
10.25416
11.36011
10.87641
12.82336
11.5162
1e-06
11.63527
12.86324
10.94996
13.65319
14.30719
10.72831
11.40901
12.75752
11.35485
1e-06
-------
9.253656
10.51862
8.693684
10.8112
11.05792
11.25285
14.50982
10.73996
12.00708
10.87641
11.5162
12.82336
11.5162
11.63527
11.67105
12.09746
14.30719
10.82806
13.62482
13.65319
-------
8.380177
10.27122
10.25416
11.35023
8.693684
11.34073
12.31032
11.58417
14.50982
12.75752
10.94996
11.36011
1e-06
1e-06
10.87641
12.00708
12.82336
11.63527
11.5162
10.26739
-------
11.42538
10.27122
9.731446
8.380177
10.81139
13.65319
12.36248
12.78977
14.30719
13.07971
14.50982
10.94996
13.65319
11.58417
1e-06
12.75752
12.31032
12.82336
11.36011
9.820603
-------
10.16246
11.42538
11.29272
10.912
9.731446
11.63527
12.09746
11.58417
1e-06
11.31517
10.26739
14.50982
13.07971
12.36248
13.65319
12.08441
1e-06
10.94996
13.65319
12.00708
-------
8.693684
9.253656
11.35023
10.912
10.51862
11.591
1e-06
11.63527
11.86904
11.58417
11.31517
1e-06
10.65375
10.6845
12.09746
10.87641
14.30719
14.50982
10.72831
1e-06
-------
11.05792
10.27122
9.253656
11.42538
10.8112
11.88446
13.65319
11.40901
10.94996
10.94996
10.26739
12.26487
1e-06
11.58417
12.00708
10.82806
10.26739
10.24108
10.912
14.50982
-------
10.25416
8.380177
8.693684
9.253656
11.29272
10.87641
13.65319
11.23229
11.40901
13.07971
11.00811
10.94996
12.26487
12.09746
10.66996
11.58417
10.94996
11.58417
10.26739
10.912
-------
8.380177
9.731446
10.912
10.51862
10.81139
10.82806
14.50982
13.65319
9.820603
11.40901
11.23229
11.9613
10.74338
11.2682
1e-06
11.3245
11.58417
10.94996
13.07971
13.65319
-------
8.380177
10.8112
10.25416
11.35023
8.693684
12.31032
11.29678
14.50982
13.65319
12.09746
10.94996
13.07971
10.94996
11.16227
11.72953
14.50982
11.40901
11.9613
11.88446
11.58417
-------
10.8112
10.81139
11.42538
8.693684
11.29272
13.65319
10.26739
11.38957
14.30719
14.50982
12.31032
10.82806
12.09746
10.94996
10.94996
13.65319
12.26487
1e-06
12.36771
11.58417
-------
9.731446
11.42538
11.29272
10.81139
11.35023
11.29678
11.40901
13.6563
10.94996
10.44505
11.88446
1e-06
14.50982
12.31032
13.65319
14.30719
10.26739
13.07971
11.40901
11.03792
-------
10.912
10.81139
10.8112
9.253656
11.05792
11.58417
1e-06
11.63527
12.26487
11.23229
13.46559
1e-06
10.94996
12.36248
14.50982
12.31032
11.29678
13.65319
13.65319
12.09746
-------
9.253656
11.05792
11.35023
10.16246
10.51862
14.30719
10.26739
14.50982
11.63527
14.30719
11.08882
10.94996
13.46559
12.00708
11.58417
10.94996
14.50982
13.65319
14.50982
14.50982
-------
10.8112
10.27122
11.35023
10.25416
11.29272
11.0164
12.36248
14.30719
11.58417
11.6178
11.63527
13.65319
11.08882
10.26739
14.30719
13.6563
1e-06
1e-06
10.94996
13.65319
-------
10.8112
9.253656
10.81139
8.693684
10.25416
11.28795
12.5118
10.16397
14.50982
1e-06
13.65319
1e-06
13.46559
12.35758
11.58417
10.41584
1e-06
11.42538
11.6178
1e-06
-------
11.42538
10.16246
10.912
8.380177
10.51862
11.81913
10.94996
13.65319
10.34623
14.50982
10.26739
11.13229
10.94996
10.94996
9.808641
10.87641
10.46622
10.50661
11.58417
11.58417
-------
9.731446
10.8112
11.29272
11.35023
10.25416
11.40901
10.26739
12.09746
10.30135
13.65319
9.704585
14.50982
11.81913
10.94996
9.820603
11.6178
10.94872
10.82806
10.20834
13.65319
-------
8.693684
9.731446
10.25416
10.8112
10.912
13.65319
10.50661
11.40901
13.12295
11.67105
12.5118
10.75285
11.58417
11.81913
11.29272
12.35101
10.26739
12.09746
10.73996
10.94996
-------
11.29272
11.42538
10.16246
10.81139
11.05792
14.50982
11.07789
10.8112
11.72953
13.65319
12.54571
10.50661
13.65319
12.5118
11.81913
10.94996
10.82806
11.40901
13.65319
10.26739
-------
11.29272
9.731446
10.912
11.35023
10.16246
11.58417
13.12295
11.3326
14.50982
14.50982
10.07852
12.09746
13.65319
11.58417
10.94996
12.5118
12.54571
1e-06
10.59619
11.81913
-------
11.42538
9.731446
10.912
8.380177
10.27122
10.94996
11.84873
12.49052
12.52799
13.12295
10.50661
14.50982
11.3326
10.07852
13.65319
12.09746
10.26739
12.35101
9.93435
9.820603
-------
8.693684
9.253656
9.731446
11.42538
10.8112
11.14266
11.20994
11.40901
10.94996
12.89468
10.82806
11.91324
13.12295
14.50982
10.94996
13.65319
11.84873
10.26739
11.95915
10.80853
-------
10.51862
10.81139
10.912
9.731446
11.35023
10.94996
11.58417
10.94996
11.40901
9.820603
12.35101
11.07789
9.858904
11.91324
13.12295
12.49052
11.63527
12.09746
11.3326
12.54571
-------
9.253656
10.25416
10.81139
10.16246
11.05792
10.45832
10.37247
11.25022
10.26739
10.94996
1e-06
11.02994
10.3287
12.35101
11.07789
11.35485
13.65319
9.93435
11.66484
10.87641
-------
10.27122
10.51862
11.35023
10.81139
10.8112
11.05792
14.30719
10.84752
11.97803
10.46622
13.12295
11.72953
11.37943
11.63527
12.35101
12.31032
10.3287
10.67605
13.65319
10.26739
-------
8.380177
11.35023
10.16246
9.253656
10.81139
11.73084
12.36248
11.07789
12.01162
10.50661
12.00708
14.30719
10.21114
12.36771
1e-06
12.35101
11.72953
14.50982
13.12295
12.35101
-------
11.05792
8.693684
11.35023
10.51862
8.380177
10.87641
11.63527
10.75285
11.07688
10.84946
11.07789
12.36248
12.00708
11.72953
11.37943
14.30719
11.07789
10.37247
1e-06
13.12295
-------
10.81139
10.25416
8.693684
10.912
10.51862
12.75752
10.65811
11.26916
12.52799
11.63527
12.35101
11.35023
12.36248
10.8002
1e-06
12.54571
10.87641
11.07789
11.72953
11.25022
-------
11.29272
10.81139
11.42538
10.912
10.16246
11.98616
13.12295
11.43855
11.38957
14.30719
11.98567
12.35101
12.35101
11.84873
10.37247
10.65811
1e-06
13.12295
12.75752
11.07789
-------
9.731446
8.380177
11.05792
11.35023
8.693684
11.72953
11.86904
11.93205
11.81914
12.00708
11.24436
12.36248
10.83652
12.36771
12.35101
12.09746
13.46559
12.51438
10.94872
11.38957
-------
10.27122
11.05792
10.51862
8.693684
9.253656
14.30719
11.43184
14.50982
11.35531
10.82806
12.75752
11.93925
11.36011
11.68061
13.12295
10.80641
1e-06
13.62482
12.00438
12.36248
-------
10.8112
11.29272
11.05792
9.253656
10.16246
11.86904
11.9613
13.65319
12.36771
14.50982
12.82336
11.38957
12.35101
11.93205
12.64156
13.46559
11.67224
12.31032
11.19411
10.94996
-------
9.731446
10.8112
10.81139
10.16246
9.253656
11.68061
13.65319
12.17125
13.07971
10.74857
14.50982
14.30719
12.89468
11.29678
12.09746
11.58417
14.50982
10.72847
11.93925
12.36771
-------
10.16246
10.27122
8.693684
8.380177
11.42538
13.6563
10.94996
12.31032
12.00708
13.07971
13.65319
11.68061
11.38957
11.37257
10.22267
12.89468
1e-06
10.30135
12.09746
11.40901
-------
11.29272
10.16246
9.731446
10.81139
10.8112
9.678923
12.36771
10.46622
10.79012
13.6563
13.07971
11.48044
10.54675
11.68061
11.58417
11.43184
10.30125
11.28623
12.31032
14.50982
-------
10.25416
9.731446
10.16246
8.380177
11.35023
11.03792
10.20825
12.26487
12.35101
12.36771
10.94996
12.08441
10.25464
12.89468
11.68061
10.46622
11.7966
11.23229
10.48997
1e-06
-------
10.51862
9.731446
11.42538
10.8112
8.693684
10.72831
10.26739
11.03792
11.28623
10.65375
12.36771
11.58417
10.20537
11.591
10.36839
10.79012
12.78977
12.89468
12.35101
10.54675
-------
11.05792
10.27122
10.16246
11.35023
10.51862
11.91324
9.858904
13.6563
11.47314
14.50982
11.38957
10.46622
11.66484
11.03792
11.42538
13.65319
11.77349
10.65375
12.08441
12.11341
-------
9.731446
10.8112
10.81139
10.25416
11.35023
12.35101
12.89468
11.0311
11.08882
12.78977
11.16227
10.67605
10.74338
12.36248
11.0164
10.75262
14.50982
11.38957
11.47314
13.6563
-------
10.27122
10.25416
8.380177
9.731446
10.51862
10.46622
1e-06
10.94996
11.6178
9.96547
11.591
10.28213
11.48725
11.0311
10.92369
11.7411
9.853549
14.50982
12.35101
11.68061
-------
11.05792
11.35023
10.81139
10.25416
11.42538
11.07789
12.36771
11.38957
10.20537
13.65319
10.83206
10.94996
9.828221
10.51862
11.0311
12.36248
13.6563
11.63527
11.03792
11.58417
-------
10.27122
9.731446
8.380177
10.81139
11.05792
14.30719
10.79012
11.29678
13.12295
14.50982
10.36839
11.52298
11.591
12.49052
12.31032
12.35101
10.27082
12.89468
13.65319
11.73084
-------
9.731446
11.29272
11.35023
11.42538
11.05792
11.07789
14.30719
10.94996
1e-06
11.31517
11.26916
13.12295
1e-06
14.50982
13.6563
11.11343
12.26487
11.91324
13.65319
11.68061
-------
10.51862
8.380177
9.253656
11.35023
8.693684
10.26739
12.89468
14.50982
11.591
10.94996
10.65375
1e-06
11.58417
11.07789
14.30719
12.49052
10.26739
11.02994
9.820603
12.36248
-------
10.8112
9.253656
8.380177
10.81139
10.25416
11.0311
10.51862
12.26487
13.65319
1e-06
10.94996
14.50982
11.40901
11.23229
12.09746
11.91324
12.35101
10.46622
14.30719
11.0164
-------
8.693684
11.35023
11.42538
10.27122
10.8112
11.58417
11.6359
13.12295
10.26739
13.65319
10.82806
9.820603
1e-06
11.0311
1e-06
14.50982
12.31032
10.20537
12.35101
11.07789
-------
10.81139
9.731446
10.8112
11.35023
10.27122
10.37247
10.72998
14.30719
12.36771
11.23229
12.49052
13.65319
13.12295
12.5118
11.9613
10.94996
13.07971
11.68061
1e-06
12.35101
-------
10.8112
8.693684
10.912
10.27122
10.51862
10.66996
11.35023
12.31032
10.79012
11.07688
11.29678
10.27082
11.07789
11.73084
14.50982
12.31032
12.49052
13.65319
10.72847
11.9613
-------
9.253656
11.05792
10.27122
10.8112
10.81139
11.3245
10.50661
13.07971
11.63527
13.07971
10.94996
10.8002
12.36771
10.912
11.29678
11.29678
10.26739
12.31032
11.35023
10.72847
-------
10.8112
9.731446
10.912
11.05792
11.42538
12.31032
11.29678
11.67224
11.67105
11.9613
13.07971
11.3245
11.5162
12.64156
12.31032
11.9613
14.30719
11.38957
10.33679
12.31032
-------
10.27122
10.16246
10.51862
11.29272
9.253656
10.72847
13.07971
10.79012
11.29678
12.31032
12.31032
11.29678
11.93925
11.29678
12.35758
12.64156
10.72847
14.30719
11.3245
10.27082
-------
11.05792
8.380177
10.81139
9.253656
9.731446
13.07971
12.31032
1e-06
13.07971
11.68061
11.63527
11.9613
13.07971
1e-06
11.29678
13.07971
12.31032
10.79012
12.31032
14.30719
-------
10.25416
11.29272
11.42538
10.912
10.81139
10.72847
12.31032
11.29678
13.07971
10.72847
13.07971
11.22469
10.4818
11.3245
12.08759
1e-06
11.9613
11.29678
1e-06
12.31032
-------
11.42538
10.16246
8.380177
10.25416
9.253656
12.31032
10.27082
11.84829
11.4514
11.9613
9.731446
13.07971
10.72847
12.36771
11.3245
13.07971
11.22469
13.07971
11.29678
9.713196
-------
8.693684
10.81139
11.05792
10.51862
11.29272
11.29678
12.31032
11.29678
9.268044
11.68061
11.84829
12.89468
11.43896
10.80853
10.72847
12.36771
12.31032
11.9613
13.07971
14.30719
-------
10.25416
11.35023
8.693684
10.81139
8.380177
10.56045
11.38957
13.46559
11.29678
9.328393
12.64156
10.27082
10.79012
11.37257
10.72847
11.11507
12.24984
12.36771
12.31032
11.9613
-------
10.8112
10.16246
11.05792
11.35023
10.27122
11.68061
9.94727
13.07971
11.38957
11.93925
10.81139
10.27082
11.29678
12.64156
11.51532
11.37257
10.79012
11.29678
11.29678
12.00438
-------
10.8112
10.51862
10.25416
9.731446
11.29272
11.3245
12.31032
11.9613
13.07971
11.68061
10.72847
11.93925
10.27082
12.64156
10.81139
11.09731
11.73084
12.31032
12.31032
11.29678
-------
11.42538
10.51862
8.380177
11.05792
11.35023
11.29678
11.29678
11.29678
11.9613
11.3245
13.07971
10.72847
11.93925
10.27082
12.64156
11.37257
11.29678
12.31032
11.29678
12.31032
-------
10.16246
9.253656
11.05792
10.25416
11.42538
11.88446
10.9945
13.07971
12.31032
11.9613
12.31032
11.29678
10.75285
11.35023
11.3245
12.31032
13.07971
11.93925
13.07971
10.72847
-------
10.8112
10.27122
11.35023
11.42538
10.16246
11.29678
10.27082
10.66996
10.81139
11.88446
11.9613
11.29678
11.37257
10.27082
12.31032
11.29678
13.07971
11.29678
10.72847
12.64156
-------
10.27122
10.25416
9.253656
10.16246
9.731446
11.7411
12.26487
11.08882
10.31369
11.29678
11.3245
11.9613
12.31032
11.93925
13.07971
11.29678
11.37257
11.68061
11.93925
10.72847
-------
9.253656
10.912
8.380177
8.693684
10.51862
12.31032
12.31032
12.64156
11.9613
10.72847
12.31032
11.3245
11.29678
11.591
13.07971
11.29678
10.27082
12.31032
13.07971
13.07971
-------
9.253656
11.35023
10.25416
10.8112
11.29272
11.93925
11.29678
13.07971
12.64156
10.79012
10.6845
10.72847
11.9613
12.31032
13.07971
11.3245
11.29678
11.93925
13.07971
10.27082
-------
10.8112
9.253656
11.35023
11.42538
10.51862
10.81139
11.37257
11.29678
13.07971
10.72847
12.31032
12.35758
12.31032
11.9613
12.64156
10.72847
11.29678
12.31032
10.72847
11.93925
-------
11.42538
9.253656
8.693684
10.16246
10.912
10.27082
12.31032
10.2873
13.07971
11.3245
12.31032
12.00438
13.07971
12.35758
11.9613
11.05792
11.98616
12.64156
11.29678
10.72847
-------
11.42538
10.912
11.05792
10.51862
8.380177
12.31032
10.72847
11.29678
11.29678
11.37257
12.31032
11.29678
11.3245
13.07971
12.31032
11.9613
10.80641
11.29678
10.27082
13.07971
-------
10.51862
10.25416
11.29272
10.16246
9.253656
11.29678
12.00438
10.74857
13.07971
11.29678
10.72847
13.07971
11.29678
11.03792
12.64156
12.31032
10.26107
10.79012
11.9613
11.93925
-------
11.42538
8.693684
9.253656
10.81139
8.380177
10.27082
10.79012
11.29678
12.31032
11.29678
11.3245
13.07971
12.31032
13.07971
11.67224
10.72847
12.31032
12.31032
12.00438
11.88446
-------
8.693684
10.51862
11.42538
10.912
10.27122
14.30719
10.66996
12.36771
10.74857
12.31032
11.29678
10.27082
11.9613
11.93925
13.07971
10.79012
11.05792
10.81139
10.72847
12.64156
-------
