10.92835
12.09746
9.202814
9.565941
11.6178
11.29272
8.380177
10.8112
11.42538
9.731446
10.16246
8.693684
10.912
10.51862
9.253656
10.81139
10.27122
11.05792
11.35023
10.25416
12.09746
11.6178
11.42538
11.35023
11.29272
10.82806
10.24725
10.19705
13.65319
10.74338
10.73996
11.74552
11.40901
10.8112
10.78938
11.36979
13.6563
10.27122
10.36839
9.699144
10.27122
11.42538
10.92835
8.693684
12.09746
11.58417
10.94996
12.46138
14.50982
12.5118
10.78104
10.80853
13.65319
9.858904
10.82806
10.46622
11.40901
12.75752
11.1078
11.7411
11.42538
10.912
11.05792
9.731446
10.8112
10.26739
11.81913
1e-06
10.55534
10.94996
12.00708
10.78104
14.50982
12.5118
13.65319
10.87641
9.820603
10.50661
10.82806
12.09746
10.912
9.253656
10.51862
10.25416
10.16246
10.45832
11.63527
11.58417
11.40901
11.81913
10.94996
10.26739
12.89468
10.44505
14.50982
10.3664
11.5162
13.65319
10.46622
10.82806
9.253656
11.05792
10.912
9.731446
8.380177
9.820603
10.80853
12.09746
10.50661
11.58417
11.40901
11.14266
10.94996
10.26739
10.3287
14.50982
12.89468
13.6563
13.65319
11.43855
10.81139
11.05792
11.35023
10.27122
10.8112
11.03792
9.820603
10.74857
12.09746
10.45832
11.02994
10.80853
11.40901
10.94996
9.921876
11.58417
10.46622
14.50982
10.26739
13.6563
11.05792
10.25416
11.42538
10.81139
10.912
10.74338
10.30125
10.82806
13.65319
12.09746
10.45832
9.820603
10.8112
11.38957
9.808641
10.94996
11.11507
10.26107
10.8013
14.50982
10.25416
11.42538
9.731446
9.202814
10.51862
13.12295
11.30974
11.72953
10.65375
13.65319
11.02994
10.26739
11.40901
11.58417
10.8112
10.46622
10.82806
11.88446
10.59489
10.94996
9.731446
11.29272
11.05792
10.8112
10.51862
14.50982
11.591
9.96547
11.42538
13.12295
10.36839
13.65319
11.02994
12.35101
11.40901
11.16227
12.09746
11.19322
13.6563
9.890311
7.301654
6.796305
9.602762
7.692973
6.820421
7.130821
7.581618
6.305915
6.594101
7.273861
6.947576
7.585044
6.947041
7.823768
7.888805
6.659204
7.632365
6.877558
7.852413
6.018868
9.602762
7.888805
7.852413
7.823768
7.692973
7.017513
7.812942
7.885957
6.34685
8.327072
9.037893
8.666033
8.555972
6.9187
7.137087
7.361564
7.276799
7.483621
8.218609
7.325683
7.301654
6.947576
7.585044
6.947041
7.273861
8.535788
8.042972
9.1758
8.097867
7.242541
8.029054
7.294086
7.730944
7.007866
7.76434
7.885957
7.888805
8.209926
6.816509
5.974024
6.305915
7.130821
6.877558
6.594101
7.581618
8.666033
8.489804
7.618015
9.1758
8.042972
7.194792
8.666033
7.640823
8.535788
8.097867
7.618015
9.037893
6.752011
7.294086
7.491659
6.594101
7.632365
7.130821
7.585044
7.823768
7.888805
8.094141
8.042972
8.327072
7.661839
9.1758
7.194792
8.666033
7.332987
8.235546
8.489804
7.76434
7.618015
8.535788
7.505093
6.947576
6.947041
7.852413
6.659204
6.594101
7.288774
6.983295
7.823768
9.037893
8.094141
8.327072
8.042972
7.888805
9.1758
8.666033
7.294086
8.489804
6.865022
7.618015
7.210328
7.823768
6.594101
7.888805
7.632365
6.947576
7.332987
7.76434
7.661839
7.325683
7.288774
8.094141
6.983295
7.137087
8.042972
8.535788
8.666033
9.1758
8.235546
8.666033
8.327072
7.632365
6.659204
7.852413
7.888805
6.018868
6.563271
8.693076
7.76434
7.618015
7.661839
7.332987
6.565824
8.094141
8.065094
8.042972
8.489804
8.666033
9.1758
7.288774
8.666033
6.877558
7.581618
7.632365
6.018868
6.659204
8.235546
6.563271
7.332987
8.266962
7.76434
7.661839
7.618015
7.332987
6.983295
7.371256
7.344397
7.325683
8.666033
8.693076
8.489804
7.852413
6.877558
6.018868
6.594101
7.130821
8.042972
7.288774
8.065094
8.235546
9.1758
7.76434
8.094141
7.661839
7.332987
7.618015
7.210328
7.634464
6.565824
8.666033
8.042972
7.325883
8.950118
8.323374
9.677112
7.743514
8.761064
8.950118
7.493399
9.122451
7.982074
7.627794
9.807285
7.746353
8.188172
8.35218
9.071967
7.53787
8.267975
7.619796
7.983537
9.807285
9.677112
9.122451
9.071967
8.950118
9.447346
7.743514
10.66131
7.795491
9.807285
7.841849
9.554538
8.874103
8.502612
8.791769
9.629728
8.307048
8.666497
8.597913
9.367109
7.493399
7.325883
7.982074
8.950118
9.071967
8.386751
10.03417
9.230053
9.259741
10.42024
9.094744
8.550089
9.784079
1e-06
9.251459
8.77235
9.534697
9.254987
9.47672
9.807285
7.982074
8.950118
7.983537
7.746353
7.53787
9.240519
9.629728
8.381178
8.770606
8.788334
9.291309
10.03417
10.42024
9.784079
9.139494
9.071967
9.075575
9.230053
9.619912
8.597913
7.746353
9.807285
8.188172
8.950118
7.619796
9.605612
9.807285
9.235628
8.386751
8.650327
9.085473
1e-06
9.047144
10.03417
8.512492
8.658468
8.938687
8.267397
9.464492
9.784079
8.188172
8.950118
8.950118
7.983537
8.761064
9.230053
11.37969
9.291309
10.22116
9.235628
9.807285
7.942711
9.139494
1e-06
8.802293
9.075575
9.262436
8.647277
9.094744
9.807285
