Externa 
2 3 4 7 8
9 10 11 12 14
16 17 18 19 20
21 22 23 24 26
27 30 31 32 34
36 38 40 42 43
44 45 48 49 51
52 54 56 57 60
61 62 63 64 65
66 69 70 71 72
75 76 78 80 81
87 88 89 90 91
92 93 94 95 98
99 100 101 103 104
105 106 107 109 110
111 112 113 115 116
117 119
Interna 
-2 -3 -4 -7 -8
-9 -10 -11 -12 -14
-16 -17 -18 -19 -20
-21 -22 -23 -24 -26
-27 -30 -31 -32 -34
-36 -38 -40 -42 -43
-44 -45 -48 -49 -51
-52 -54 -56 -57 -60
-61 -62 -63 -64 -65
-66 -69 -70 -71 -72
-75 -76 -78 -80 -81
-87 -88 -89 -90 -91
-92 -93 -94 -95 -98
-99 -100 -101 -103 -104
-105 -106 -107 -109 -110
-111 -112 -113 -115 -116
-117 -119
