Externa 
1 2 3 4 7
8 10 11 12 13
14 15 16 17 18
20 21 23 24 25
26 27 28 30 31
32 33 36 37 38
39 40 41 42 43
44 45 47 48 49
50 52 54 57 58
59 61 62 63 64
65 66 67 68 69
70 71 73 74 75
77 78 81 84 86
87 88 89 90 91
92 93 95 96 97
99 100 101 102 104
105 106 107 109 110
111 113 114 116 117
118 119 122
Interna 
-1 -2 -3 -4 -7
-8 -10 -11 -12 -13
-14 -15 -16 -17 -18
-20 -21 -23 -24 -25
-26 -27 -28 -30 -31
-32 -33 -36 -37 -38
-39 -40 -41 -42 -43
-44 -45 -47 -48 -49
-50 -52 -54 -57 -58
-59 -61 -62 -63 -64
-65 -66 -67 -68 -69
-70 -71 -73 -74 -75
-77 -78 -81 -84 -86
-87 -88 -89 -90 -91
-92 -93 -95 -96 -97
-99 -100 -101 -102 -104
-105 -106 -107 -109 -110
-111 -113 -114 -116 -117
-118 -119 -122
