Externa 
2 4 5 6 7
8 9 10 11 12
14 15 16 17 18
19 20 21 22 23
24 25 26 30 31
33 34 35 36 38
40 42 43 44 45
47 48 49 51 54
55 57 59 60 61
62 65 66 67 69
70 71 72 74 75
76 77 78 80 86
87 88 91 92 94
98 99 103 104 105
106 107 109 112 113
115 116 117 119 120
121 122
Interna 
-2 -4 -5 -6 -7
-8 -9 -10 -11 -12
-14 -15 -16 -17 -18
-19 -20 -21 -22 -23
-24 -25 -26 -30 -31
-33 -34 -35 -36 -38
-40 -42 -43 -44 -45
-47 -48 -49 -51 -54
-55 -57 -59 -60 -61
-62 -65 -66 -67 -69
-70 -71 -72 -74 -75
-76 -77 -78 -80 -86
-87 -88 -91 -92 -94
-98 -99 -103 -104 -105
-106 -107 -109 -112 -113
-115 -116 -117 -119 -120
-121 -122
