Externa 
1 2 4 7 8
9 11 12 14 16
18 19 20 21 22
24 26 27 28 30
31 32 34 35 36
37 38 39 40 41
42 44 45 47 48
50 51 54 57 60
61 63 67 68 69
70 71 74 75 76
77 78 79 80 83
84 86 87 88 89
91 92 93 94 98
99 100 102 103 104
106 107 109 110 112
113 115 116 117 119
120 121
Interna 
-1 -2 -4 -7 -8
-9 -11 -12 -14 -16
-18 -19 -20 -21 -22
-24 -26 -27 -28 -30
-31 -32 -34 -35 -36
-37 -38 -39 -40 -41
-42 -44 -45 -47 -48
-50 -51 -54 -57 -60
-61 -63 -67 -68 -69
-70 -71 -74 -75 -76
-77 -78 -79 -80 -83
-84 -86 -87 -88 -89
-91 -92 -93 -94 -98
-99 -100 -102 -103 -104
-106 -107 -109 -110 -112
-113 -115 -116 -117 -119
-120 -121
