Externa 
2 3 4 5 6
7 8 10 11 12
13 14 16 18 19
20 21 22 24 25
26 27 29 30 31
33 34 35 36 38
40 41 42 43 44
45 47 48 49 50
51 52 54 56 57
60 61 62 63 64
65 67 68 69 70
71 72 73 75 76
78 79 80 83 85
86 87 88 92 93
94 96 98 99 102
103 104 106 107 109
113 114 115 116 117
118 119 120 121
Interna 
-2 -3 -4 -5 -6
-7 -8 -10 -11 -12
-13 -14 -16 -18 -19
-20 -21 -22 -24 -25
-26 -27 -29 -30 -31
-33 -34 -35 -36 -38
-40 -41 -42 -43 -44
-45 -47 -48 -49 -50
-51 -52 -54 -56 -57
-60 -61 -62 -63 -64
-65 -67 -68 -69 -70
-71 -72 -73 -75 -76
-78 -79 -80 -83 -85
-86 -87 -88 -92 -93
-94 -96 -98 -99 -102
-103 -104 -106 -107 -109
-113 -114 -115 -116 -117
-118 -119 -120 -121
