Externa 
2 3 4 7 8
10 11 12 14 16
18 19 20 21 22
23 24 25 26 27
29 30 31 33 34
36 37 38 39 40
42 44 45 46 47
48 49 50 51 54
55 56 57 58 59
60 61 62 64 66
69 70 71 72 74
75 76 78 79 81
85 87 88 89 90
91 92 94 95 96
98 99 103 104 105
106 107 108 109 110
112 113 115 116 117
118 119 120 122
Interna 
-2 -3 -4 -7 -8
-10 -11 -12 -14 -16
-18 -19 -20 -21 -22
-23 -24 -25 -26 -27
-29 -30 -31 -33 -34
-36 -37 -38 -39 -40
-42 -44 -45 -46 -47
-48 -49 -50 -51 -54
-55 -56 -57 -58 -59
-60 -61 -62 -64 -66
-69 -70 -71 -72 -74
-75 -76 -78 -79 -81
-85 -87 -88 -89 -90
-91 -92 -94 -95 -96
-98 -99 -103 -104 -105
-106 -107 -108 -109 -110
-112 -113 -115 -116 -117
-118 -119 -120 -122
