Externa 
1 3 4 7 8
9 11 12 13 14
15 16 17 19 20
21 22 23 24 25
26 29 31 33 35
38 39 40 41 42
43 46 48 49 50
51 54 55 56 57
59 61 63 64 65
67 68 69 70 71
72 76 77 78 79
80 81 82 83 84
86 90 91 93 94
95 96 97 98 99
100 101 103 104 105
107 109 110 111 112
113 114 115 116 117
118 119
Interna 
-1 -3 -4 -7 -8
-9 -11 -12 -13 -14
-15 -16 -17 -19 -20
-21 -22 -23 -24 -25
-26 -29 -31 -33 -35
-38 -39 -40 -41 -42
-43 -46 -48 -49 -50
-51 -54 -55 -56 -57
-59 -61 -63 -64 -65
-67 -68 -69 -70 -71
-72 -76 -77 -78 -79
-80 -81 -82 -83 -84
-86 -90 -91 -93 -94
-95 -96 -97 -98 -99
-100 -101 -103 -104 -105
-107 -109 -110 -111 -112
-113 -114 -115 -116 -117
-118 -119
