822646595
327855000
0.08813477
12399.91
7453.756
12938.45
26127.18
14924.46
16129.75
20482.09
2362.949
12056.55
141.8825
22900.56
113.9166
15789580173
6005.975
9444.126
907.0398
15112.39
3329630
1220.906
90.61245
223370.3
76.39606
2897167
102.0906
34466.58
6957.503
0.3662772
25539.64
80713.33
1803.18
2500.309
2267.435
147049.9
342242.4
934408.5
6822.373
2506.533
4855.317
2689.208
13310207836
3154545
11998.67
3864.307
5426.555
1059524
6000.529
9644.336
11027.63
52493.27
50719.55
19335046369
19393.99
4175004
10238.66
63274.13
12747.43
1730.902
516313
53659.9
16073467770
45339.63
138490622
58776.36
4074634
1675.279
199551.6
33175.22
3452520
3316910
370590
3700.798
33610.57
337830.8
57225.46
8429.013
44388974462
116631775181
19817216741
42643783308
20851514745
15426055220
19192367407
15962915773
19224127126
117180798163
5224847132
10687.16
44542784923
44205478067
85054527460
24307298220
44165180442
19634706121
19192366425
57709.49
116597809118
42858073676
92066136114
62675594668
41880883315
54100768987
18978754684
1331577
58311495861
115936873808
57663173254
1331577
57665696962
16005447209
57663173254
57367110808
340597.1
115100308748
120168340287
141348.2
57663173254
901748.8
115930438020
19877949688
54369927315
57663173254
124106.8
120046093546
21142348213
129389745217
129265.5
21448186491
3119189134
20230143624
1.16513e+11
111981887129
21723293694
577115.5
20912653052
1.19398e+11
1298715
4.869332e+12
63663168251
19727374698
20619193230
22596333980
20745660315
19402135256
23321603502
22596336177
876549771352
121084815532
117180797559
613650.6
21465641333
20745660418
4.904048e+12
22744135124
808265.3
22596336060
63663168251
4889989
4.546928e+12
4.880009e+12
5.4042e+10
23005798973
50415.72
15395.36
5.387e+14
4.957248e+13
861842587544
862219354232
867445344929
4.98164e+13
161067.2
867445232584
8.72154e+11
2.768162e+14
2.786225e+14
17269650531
2.478912e+12
16311.37
9.129239e+14
2.394825e+12
4.916274e+14
4.935828e+13
4.959354e+12
5.360722e+14
126597059640
8.587258e+14
3.309294e+14
4.28329e+12
115108851
1.64645e+14
7.228245e+13
13961642
399081.1
17098.75
1.629239e+14
9.57354e+13
4.466119e+14
1.535228e+12
2.635751e+14
37489263
1.62924e+14
9.382076e+14
430397934438
4.468706e+14
9.421993e+14
166272.6
9.500701e+14
4.127694e+12
8.463574e+14
384310111583
6091944
4.506986e+14
184295.4
1.687289e+14
1.642119e+14
1.682707e+14
4.64674e+14
98560885
175892.5
1.776759e+13
7.820995e+13
9106.429
1.690387e+14
1.599845e+12
1.732471e+14
147666.4
1.702939e+14
107700287
4.653917e+14
1.683092e+14
2.14294e+14
145695.5
4.654185e+14
1.407019e+12
9.546814e+14
1.687289e+14
1.712885e+14
8.653958e+13
9.445947e+14
4.426665e+12
1.682705e+14
6325780
200140.1
9.261084e+14
4.654185e+14
7.83125e+14
1.716456e+14
6.927582e+14
1.711137e+14
4.681318e+14
4.676665e+14
1.000696e+14
4.673695e+14
1.203927e+14
20917.11
8.578271e+14
7.496871e+14
4.675704e+14
9.251104e+14
9.232755e+14
1.69549e+14
9.472664e+14
235825.3
2283949
9.092483e+14
1.066714e+12
4.676665e+14
1.413895e+12
4.674344e+14
1.69549e+14
1.679462e+14
1.716687e+14
4.611641e+14
9.320639e+14
1.01696
59.2705
55.72389
3275.108
419.3889
49151.49
33750.38
1970.757
91791.29
0.1027591
0.09612186
14.17808
10348.59
539.6788
0.3627369
0.125275
106349.7
25.45627
110.9725
0.1602137
5449.577
438.0025
1.356938
0.1319504
1922436
234463.9
10759.47
95593.12
1042214
2776856
271932.1
1410.372
7633938
524913
203760.6
0.2112495
66777.19
3070.556
15232089
14502.7
4362.786
405.8935
0.2665742
350488.7
345838.3
1367351
3720386
2941.269
572.1732
1017.914
3640231
3172.842
3525671
16262257
236607.9
2939862
1037770
566.6643
2878704
0.2869105
4410.074
13738.35
20052606
2807979
10041160
16387037
1753657
739632.8
10272.2
5925.474
414.953
361118.9
288818.3
3010.564
11327966
1045017
399912
1755978
30082.02
3034.985
8587936
19744817
14785039
1573731
6644569
74665824
40040.2
210133.9
103659.4
