0.1138551
184.8924
6.299833
1.138819
0.121338
0.2063014
0.245558
0.3083792
108.8638
1.450351
1.107127
0.3433407
30.51291
0.474177
0.1138346
1920.473
92.77465
11849.32
0.1590739
20.6726
13.1432
0.1930433
145.5092
5350.879
42121.5
0.5460529
0.1118256
0.7289762
0.1620408
0.7327319
0.4698365
0.2602179
809.0918
1402.29
179.1549
570.2579
0.2315495
32.30676
1.035604
0.6438405
0.1797207
9.072184
1250.537
15049.77
0.2931998
579.4953
0.6422089
81.58034
5488.582
0.1895701
506.7942
22.48926
19.98529
1.719958
979.6463
0.5552533
1890.015
1774.013
50.89436
21.74104
503.6015
834.3141
14827.33
20.32778
1911.928
0.1559841
4.158176
13460.47
43.32352
49.33576
188.604
4.119596
12.20295
11627.3
801.2791
3.092105
837.1277
111.0107
8.18597
17.93849
319.5344
4.885572
40448.16
395.4167
12705.56
494.5195
1.60588
778.159
1913.027
248.0938
0.2494921
53.89695
0.8252689
48.92747
289.1092
837.1231
53.48852
18314.7
11615.12
42183.76
48.81553
220.4872
5403.182
14824.01
5.530104
24.31134
44828.01
0.3096245
31.90123
1523.15
6.671139
0.1046659
0.9604975
349.3556
45014.79
323.3076
13985.94
14616.21
1152.973
1.146116
2706.443
14948.77
23.14535
1.101813
51.24121
14314.29
45690.37
0.8671873
45007.31
45893.86
60728.06
926.2626
44976.17
919.7391
918.0013
1.801409
24.43026
45337.41
42351.8
1110.136
0.2331638
1740.355
55807.73
958.0724
928.7886
53780.8
1411.009
660.7268
61000.2
58859.24
61150.04
1102.051
0.2182121
1098.456
61019.58
58832.15
1104.869
62134.23
1104.869
1.152841
1102.051
1104.869
0.2265423
61670.79
61027.89
55309.22
1104.869
55807.85
49818.5
23.99486
1.70391
54724.47
62614.11
1970.655
1968.568
1.057478
1112.463
61531.09
0.2068178
0.1824838
0.2022455
53819.83
1156.065
62596.41
12.0018
45402.71
45633.82
61167.29
61894.85
1144.824
57116.89
61026.24
61562.86
61516.97
61873.81
61418.2
23.82339
0.1279703
57127.92
0.1758926
53855.43
62842.59
57118.98
27.74039
61094.61
1.768139
63345.12
1.748733
61650.8
61510.28
1163.881
63383.6
1776.372
62411.53
45654.82
62884.01
46016.43
368.0762
63320.2
1156.812
63002.34
45619.49
63111.76
1162.521
1153.532
57726.86
0.2175741
62077.1
57726.69
62665.04
1156.812
63383.6
1309.719
0.1921299
0.1429166
57132.56
46308.74
1156.812
62019.08
58005.24
57142.08
55898.46
26.93688
58246.5
61410.13
63385.95
1155.051
1155.202
57148.8
1974.299
27.05237
63410.36
949.8288
63089.11
1156.773
1166.114
63383.6
1150.969
1004.908
63516.02
1189.942
1.838074
57596.62
63410.36
63050.94
58067.39
0.2466771
57319.17
57622.88
997.4412
63412.52
63537.91
27.72112
1189.678
1161.645
63561.86
46468.49
1189.942
1160.269
63470.35
58591.81
1176.958
62908.21
1014.505
1209.575
63815.18
63470.35
57246.27
63194.47
1195.159
1208.215
2.057031
57249.66
64431.28
1429.948
1181.422
63516.02
1207.99
1182.617
63448.85
486.4741
1214.563
2159.542
58594.98
1210.852
1220.957
58874.02
531.073
1418.54
64431.28
1206.078
47055.9
64972.91
64450.02
1164.849
64387.33
63269.23
64431.28
964.3757
64954.63
64393.03
527.5638
63710
31.09613
533.9677
1217.816
64941.5
431.6201
2557.337
1189.934
65307
57789.81
47011.69
64943.03
64431.28
508.7106
548.6191
64431.28
464.8024
1224.785
64450.02
1292.137
65128.64
64675.3
479.5107
0.1508937
0.1471044
0.6898424
0.1317935
0.155494
0.1154217
0.1617171
0.244066
0.143104
0.1174367
0.1294943
0.2482487
0.1296743
0.1135382
0.1317307
0.1587431
0.09578753
0.1528743
0.1329882
0.111729
0.09168287
0.1081113
0.1124506
0.1384339
0.1343039
0.1110514
0.2034944
0.1291042
0.1192612
0.2032955
0.1196425
0.2437631
0.2240648
0.1632418
0.2506578
0.2497878
0.1597884
0.1657226
0.1401111
0.156928
0.143146
0.08758376
0.1484367
0.1279973
0.1668244
0.180186
0.380103
0.1883399
0.2576789
0.243453
0.575322
0.1313224
0.7105113
0.210176
0.1555675
0.1531305
0.156928
0.1931868
0.2378824
0.2406761
0.08422891
0.7155159
0.1887335
0.244066
0.250424
0.177955
0.7485099
0.5111027
0.6225424
0.09415499
0.1429993
0.1968084
0.08295466
0.2010297
0.09207313
0.110602
0.7087573
0.7388824
2.257346
0.7105113
0.0990129
2.257346
0.2010297
0.1682689
0.7354988
0.8184912
0.2376776
0.7388824
2.338566
0.7377625
2.283669
2.385876
0.7157627
0.7558827
0.6710531
0.7751775
2.272204
2.283669
0.2914886
0.2897777
2.364184
0.7813737
2.051762
2.382553
0.1543399
2.360094
2.39878
2.281312
0.2023425
2.385876
2.390513
0.1136472
2.406198
0.429723
2.361384
2.257346
2.383076
2.534991
0.4343598
2.383407
0.2149562
2.396311
2.128206
2.39878
2.501985
2.57306
2.382553
2.390513
2.388044
2.541608
2.538808
2.532283
0.7376405
2.580558
2.767795
2.580558
0.1123495
2.536966
1.623331
2.652366
2.57306
2.535492
2.693787
2.58082
2.394374
2.297481
2.538808
0.1228392
2.778803
2.700989
2.767973
2.40646
0.461879
2.691032
0.3646837
2.652366
2.57586
2.703344
2.648946
0.7844941
2.925
2.534991
2.925247
2.646602
2.712605
0.82701
2.925
2.709849
3.073585
2.925
2.922151
0.5319428
0.8272573
2.927858
2.698347
2.884261
0.1188551
2.75287
0.53219
2.765302
2.922404
0.2475696
2.922398
0.8154319
2.922398
2.922398
3.079019
0.8663716
3.100252
3.086851
0.2354799
3.073861
3.079295
2.136935
3.076079
3.029599
2.936106
0.871806
3.10567
2.964731
3.034718
3.02989
0.253004
2.816219
3.092262
3.078886
3.035367
2.777706
3.102739
3.035077
3.035367
3.035367
2.114826
1.532291
3.029356
2.965092
3.035077
1.565267
3.029356
2.719641
3.035367
2.719641
3.079295
2.970028
3.073861
3.079295
0.8593934
3.06262
0.1302052
3.056865
3.035367
3.032407
3.079295
2.147968
3.035367
3.029356
0.5553412
3.025121
2.467526
3.073861
2.114826
3.035367
3.032407
3.002731
1.565267
3.029356
3.079352
0.1327388
3.105683
3.025121
1.535933
3.020901
3.025121
3.079295
3.025114
3.056865
3.029691
1.571594
1.525788
0.2457189
3.023794
2.998955
2.927702
3.026331
2.212471
3.036991
2.901706
1.576738
3.035597
3.020557
0.1295818
0.5597995
3.029345
3.029356
2.714417
2.121672
1.799804
2.99554
0.2435969
2.750467
3.027012
3.020877
0.1332341
3.01627
3.020557
3.015053
3.020557
2.577701
3.035729
1.795983
3.01627
3.020557
0.3939027
3.01627
1.791696
1.577142
3.031535
0.12728
3.020557
0.1158552
3.016254
0.5455731
0.541286
3.022725
2.742857
0.2393099
3.01627
2.161754
3.01627
3.020901
3.01627
2.115858
2.891318
2.5721
1.572855
0.8722121
3.01627
3.022526
3.01627
6.10008
0.1993898
0.1862795
22.49697
57.14938
0.4835964
30.9813
4867.168
0.2510206
5571.981
0.4703659
193.7119
608.6936
1237.662
0.1386398
1476.726
0.1474114
85.34937
1.748483
24.27533
0.2192825
44.35306
0.1701711
9.557228
0.2044613
0.2254382
0.9423474
73.12751
0.1996317
1.660202
12.17257
18.42397
576.7936
0.1845963
10.58344
378.7431
155.1324
820.7245
2446.751
392.7669
4769.999
523.8162
182.5525
46.83935
439.3438
0.2812021
547.6753
17.98652
4475.248
25.66437
1430.152
4749.08
345.7546
5253.88
6209.022
46.83935
0.7027297
4478.015
45.19509
24744.15
32.56885
25.30998
34.75797
1192.954
25.49383
6115.001
10214.2
0.3356015
50.69122
16058.85
41.60756
4621.324
60.9826
4935.777
2511.513
370557.5
415.853
0.3685238
2.815654
0.5795656
24676.69
29085.81
4500.422
596.8603
2075.917
25298.14
19679.3
2119.43
326.3955
318176.9
23024.5
5008.257
24230.94
430665.9
412.2318
1644.41
401.5637
10054.73
2089.975
462.7393
419940.8
7312.243
397089.4
148.172
4007.697
14091.28
372405.1
9031.564
365628.9
2040.486
2007.6
502.7596
4385.594
1415.269
397048.8
18975.02
165.8758
4600.666
602.3654
4403.563
432872.1
320575.6
422632.5
731.5556
190103.8
422632.5
408.5287
372357.3
429436.6
3562.503
393512.1
393201
431649.4
429975.2
414886.8
451.094
127687.4
394760
458.2455
1576.894
174537.9
431850.3
3287.322
428313
604.9693
445088.7
1574.197
503.4492
432338.2
419465.6
568.8978
216246.9
1750.9
429661.8
21827.1
442253.2
442253.2
387979.5
2024.504
430802.1
1708.379
1661.399
503.0759
1670.101
133197
1714.722
450878.1
1719.304
442253.2
442253.2
1719.994
437666.2
460.1184
131324.3
1747.316
445818.8
614.6734
130969.5
434923.6
456.9156
1743.897
447669.5
448053.7
465776.2
2211025
450878.1
8124.384
447669.5
4020.882
447669.5
3987.977
1841.272
2142928
1848.642
3688.599
466365.7
5605.895
519453.4
2188980
2226351
18821.67
465092
2058694
447669.5
2142992
260987.3
603206.6
4442725
1595.14
2069228
1622.735
3620.451
1605.345
4263016
2458.273
1592.953
4394850
2008291
2069218
1618.271
565510.8
1590.118
1399.484
4263016
1590.274
2355441
4263016
1613.038
426.5394
5583.269
3796167
2356463
855.1401
4389395
5583.269
4230444
4444066
210973.2
1588.535
6795949
551.3427
4443111
4364057
5538137
680.229
2205.918
3585.236
4226386
2085.942
1582.76
1619.745
6190982
677.2156
1932.51
4330.856
7396706
1579.811
1585.908
2661052
4498845
6787812
1588.507
2661.232
6190982
1577.08
6042.134
7394786
5640409
1584.933
1577.047
6482539
6273.087
1579.524
5640409
6215.449
657736.3
4453.526
2079.478
214091.7
5640409
7317116
5640409
5640409
5726865
2116590
6258028
3803246
5589186
1613.36
5640409
5621774
