822646595
327855000
0.08813477
12399.91
7453.756
12938.45
26127.18
14924.46
16129.75
20482.09
2362.949
12056.55
141.8825
22900.56
113.9166
15789580173
6005.975
9444.126
907.0398
15112.39
3329630
1220.906
90.61245
223370.3
76.39606
2897167
102.0906
34466.58
6957.503
0.3662772
25539.64
80713.33
1803.18
2500.309
2267.435
147049.9
342242.4
934408.5
6822.373
2506.533
4855.317
2689.208
13310207836
3154545
11998.67
3864.307
5426.555
1059524
6000.529
9644.336
11027.63
52493.27
50719.55
19335046369
19393.99
4175004
10238.66
63274.13
12747.43
1730.902
516313
53659.9
16073467770
45339.63
138490622
58776.36
4074634
1675.279
199551.6
33175.22
3452520
3316910
370590
3700.798
33610.57
337830.8
57225.46
8429.013
44388974462
116631775181
19817216741
42643783308
20851514745
15426055220
19192367407
15962915773
19224127126
117180798163
5224847132
10687.16
44542784923
44205478067
85054527460
24307298220
44165180442
19634706121
19192366425
57709.49
116597809118
42858073676
92066136114
62675594668
41880883315
54100768987
18978754684
1331577
58311495861
115936873808
57663173254
1331577
57665696962
16005447209
57663173254
57367110808
340597.1
115100308748
120168340287
141348.2
57663173254
901748.8
115930438020
19877949688
54369927315
57663173254
124106.8
120046093546
21142348213
129389745217
129265.5
21448186491
3119189134
20230143624
1.16513e+11
111981887129
21723293694
577115.5
20912653052
1.19398e+11
1298715
4.869332e+12
63663168251
19727374698
20619193230
22596333980
20745660315
19402135256
23321603502
22596336177
876549771352
121084815532
117180797559
613650.6
21465641333
20745660418
4.904048e+12
22744135124
808265.3
22596336060
63663168251
4889989
4.546928e+12
4.880009e+12
5.4042e+10
23005798973
50415.72
15395.36
5.387e+14
4.957248e+13
861842587544
862219354232
867445344929
4.98164e+13
161067.2
867445232584
8.72154e+11
2.768162e+14
2.786225e+14
17269650531
2.478912e+12
16311.37
9.129239e+14
2.394825e+12
4.916274e+14
4.935828e+13
4.959354e+12
5.360722e+14
126597059640
8.587258e+14
3.309294e+14
4.28329e+12
115108851
1.64645e+14
7.228245e+13
13961642
399081.1
17098.75
1.629239e+14
9.57354e+13
4.466119e+14
1.535228e+12
2.635751e+14
37489263
1.62924e+14
9.382076e+14
430397934438
4.468706e+14
9.421993e+14
166272.6
9.500701e+14
4.127694e+12
8.463574e+14
384310111583
6091944
4.506986e+14
184295.4
1.687289e+14
1.642119e+14
1.682707e+14
4.64674e+14
98560885
175892.5
1.776759e+13
7.820995e+13
9106.429
1.690387e+14
1.599845e+12
1.732471e+14
147666.4
1.702939e+14
107700287
4.653917e+14
1.683092e+14
2.14294e+14
145695.5
4.654185e+14
1.407019e+12
9.546814e+14
1.687289e+14
1.712885e+14
8.653958e+13
9.445947e+14
4.426665e+12
1.682705e+14
6325780
200140.1
9.261084e+14
4.654185e+14
7.83125e+14
1.716456e+14
6.927582e+14
1.711137e+14
4.681318e+14
4.676665e+14
1.000696e+14
4.673695e+14
1.203927e+14
20917.11
8.578271e+14
7.496871e+14
4.675704e+14
9.251104e+14
9.232755e+14
1.69549e+14
9.472664e+14
235825.3
2283949
9.092483e+14
1.066714e+12
4.676665e+14
1.413895e+12
4.674344e+14
1.69549e+14
1.679462e+14
1.716687e+14
4.611641e+14
9.320639e+14
1.01696
59.2705
55.72389
3275.108
419.3889
49151.49
33750.38
1970.757
91791.29
0.1027591
0.09612186
14.17808
10348.59
539.6788
0.3627369
0.125275
106349.7
25.45627
110.9725
0.1602137
5449.577
438.0025
1.356938
0.1319504
1922436
234463.9
10759.47
95593.12
1042214
2776856
271932.1
1410.372
7633938
524913
203760.6
0.2112495
66777.19
3070.556
15232089
14502.7
4362.786
405.8935
0.2665742
350488.7
345838.3
1367351
3720386
2941.269
572.1732
1017.914
3640231
3172.842
3525671
16262257
236607.9
2939862
1037770
566.6643
2878704
0.2869105
4410.074
13738.35
20052606
2807979
10041160
16387037
1753657
739632.8
10272.2
5925.474
414.953
361118.9
288818.3
3010.564
11327966
1045017
399912
1755978
30082.02
3034.985
8587936
19744817
14785039
1573731
6644569
74665824
40040.2
210133.9
103659.4
822646595
327855000
0.08813477
12399.91
7453.756
12938.45
26127.18
14924.46
16129.75
20482.09
2362.949
12056.55
141.8825
22900.56
113.9166
15789580173
6005.975
9444.126
907.0398
15112.39
3329630
1220.906
90.61245
223370.3
76.39606
2897167
102.0906
34466.58
6957.503
0.3662772
25539.64
80713.33
1803.18
2500.309
2267.435
147049.9
342242.4
934408.5
6822.373
2506.533
4855.317
2689.208
13310207836
3154545
11998.67
3864.307
5426.555
1059524
6000.529
9644.336
11027.63
52493.27
50719.55
19335046369
19393.99
4175004
10238.66
63274.13
12747.43
1730.902
516313
53659.9
16073467770
45339.63
138490622
58776.36
4074634
1675.279
199551.6
33175.22
3452520
3316910
370590
3700.798
33610.57
337830.8
57225.46
8429.013
44388974462
116631775181
19817216741
42643783308
20851514745
15426055220
19192367407
15962915773
19224127126
117180798163
5224847132
10687.16
44542784923
44205478067
85054527460
24307298220
44165180442
19634706121
19192366425
57709.49
116597809118
42858073676
92066136114
62675594668
41880883315
54100768987
18978754684
1331577
58311495861
115936873808
57663173254
1331577
57665696962
16005447209
57663173254
57367110808
340597.1
115100308748
120168340287
141348.2
57663173254
901748.8
115930438020
19877949688
54369927315
57663173254
124106.8
120046093546
21142348213
129389745217
129265.5
21448186491
3119189134
20230143624
1.16513e+11
111981887129
21723293694
577115.5
20912653052
1.19398e+11
1298715
4.869332e+12
63663168251
19727374698
20619193230
22596333980
20745660315
19402135256
23321603502
22596336177
876549771352
121084815532
117180797559
613650.6
21465641333
20745660418
4.904048e+12
22744135124
808265.3
22596336060
63663168251
4889989
4.546928e+12
4.880009e+12
5.4042e+10
23005798973
50415.72
15395.36
5.387e+14
4.957248e+13
861842587544
862219354232
867445344929
4.98164e+13
161067.2
867445232584
8.72154e+11
2.768162e+14
2.786225e+14
17269650531
2.478912e+12
16311.37
9.129239e+14
2.394825e+12
4.916274e+14
4.935828e+13
4.959354e+12
5.360722e+14
126597059640
8.587258e+14
3.309294e+14
4.28329e+12
115108851
1.64645e+14
7.228245e+13
13961642
399081.1
17098.75
1.629239e+14
9.57354e+13
4.466119e+14
1.535228e+12
2.635751e+14
37489263
1.62924e+14
9.382076e+14
430397934438
4.468706e+14
9.421993e+14
166272.6
9.500701e+14
4.127694e+12
8.463574e+14
384310111583
6091944
4.506986e+14
184295.4
1.687289e+14
1.642119e+14
1.682707e+14
4.64674e+14
98560885
175892.5
1.776759e+13
7.820995e+13
9106.429
1.690387e+14
1.599845e+12
1.732471e+14
147666.4
1.702939e+14
107700287
4.653917e+14
1.683092e+14
2.14294e+14
145695.5
4.654185e+14
1.407019e+12
9.546814e+14
1.687289e+14
1.712885e+14
8.653958e+13
9.445947e+14
4.426665e+12
1.682705e+14
6325780
200140.1
9.261084e+14
4.654185e+14
7.83125e+14
1.716456e+14
6.927582e+14
1.711137e+14
4.681318e+14
4.676665e+14
1.000696e+14
4.673695e+14
1.203927e+14
20917.11
8.578271e+14
7.496871e+14
4.675704e+14
9.251104e+14
9.232755e+14
1.69549e+14
9.472664e+14
235825.3
2283949
9.092483e+14
1.066714e+12
4.676665e+14
1.413895e+12
4.674344e+14
1.69549e+14
1.679462e+14
1.716687e+14
4.611641e+14
9.320639e+14
1.01696
59.2705
55.72389
3275.108
419.3889
49151.49
33750.38
1970.757
91791.29
0.1027591
0.09612186
14.17808
10348.59
539.6788
0.3627369
0.125275
106349.7
25.45627
110.9725
0.1602137
5449.577
438.0025
1.356938
0.1319504
1922436
234463.9
10759.47
95593.12
1042214
2776856
271932.1
1410.372
7633938
524913
203760.6
0.2112495
66777.19
3070.556
15232089
14502.7
4362.786
405.8935
0.2665742
350488.7
345838.3
1367351
3720386
2941.269
572.1732
1017.914
3640231
3172.842
3525671
16262257
236607.9
2939862
1037770
566.6643
2878704
0.2869105
4410.074
13738.35
20052606
2807979
10041160
16387037
1753657
739632.8
10272.2
5925.474
414.953
361118.9
288818.3
3010.564
11327966
1045017
399912
1755978
30082.02
3034.985
8587936
19744817
14785039
1573731
6644569
74665824
40040.2
210133.9
103659.4
822646595
327855000
0.08813477
12399.91
7453.756
12938.45
26127.18
14924.46
16129.75
20482.09
2362.949
12056.55
141.8825
22900.56
113.9166
15789580173
6005.975
9444.126
907.0398
15112.39
3329630
1220.906
90.61245
223370.3
76.39606
2897167
102.0906
34466.58
6957.503
0.3662772
25539.64
80713.33
1803.18
2500.309
2267.435
147049.9
342242.4
934408.5
6822.373
2506.533
4855.317
2689.208
13310207836
3154545
11998.67
3864.307
5426.555
1059524
6000.529
9644.336
11027.63
52493.27
50719.55
19335046369
19393.99
4175004
10238.66
63274.13
12747.43
1730.902
516313
53659.9
16073467770
45339.63
138490622
58776.36
4074634
1675.279
199551.6
33175.22
3452520
3316910
370590
3700.798
33610.57
337830.8
57225.46
8429.013
44388974462
116631775181
19817216741
42643783308
20851514745
15426055220
19192367407
15962915773
19224127126
117180798163
5224847132
10687.16
44542784923
44205478067
85054527460
24307298220
44165180442
19634706121
19192366425
57709.49
116597809118
42858073676
92066136114
62675594668
41880883315
54100768987
18978754684
1331577
58311495861
115936873808
57663173254
1331577
57665696962
16005447209
57663173254
57367110808
340597.1
115100308748
120168340287
141348.2
57663173254
901748.8
115930438020
19877949688
54369927315
57663173254
124106.8
120046093546
21142348213
129389745217
129265.5
21448186491
3119189134
20230143624
1.16513e+11
111981887129
21723293694
577115.5
20912653052
1.19398e+11
1298715
4.869332e+12
63663168251
19727374698
20619193230
22596333980
20745660315
19402135256
23321603502
22596336177
876549771352
121084815532
117180797559
613650.6
21465641333
20745660418
4.904048e+12
22744135124
808265.3
22596336060
63663168251
4889989
4.546928e+12
4.880009e+12
5.4042e+10
23005798973
50415.72
15395.36
5.387e+14
4.957248e+13
861842587544
862219354232
867445344929
4.98164e+13
161067.2
867445232584
8.72154e+11
2.768162e+14
2.786225e+14
17269650531
2.478912e+12
16311.37
9.129239e+14
2.394825e+12
4.916274e+14
4.935828e+13
4.959354e+12
5.360722e+14
126597059640
8.587258e+14
3.309294e+14
4.28329e+12
115108851
1.64645e+14
7.228245e+13
13961642
399081.1
17098.75
1.629239e+14
9.57354e+13
4.466119e+14
1.535228e+12
2.635751e+14
37489263
1.62924e+14
9.382076e+14
430397934438
4.468706e+14
9.421993e+14
166272.6
9.500701e+14
4.127694e+12
8.463574e+14
384310111583
6091944
4.506986e+14
184295.4
1.687289e+14
1.642119e+14
1.682707e+14
4.64674e+14
98560885
175892.5
1.776759e+13
7.820995e+13
9106.429
1.690387e+14
1.599845e+12
1.732471e+14
147666.4
1.702939e+14
107700287
4.653917e+14
1.683092e+14
2.14294e+14
145695.5
4.654185e+14
1.407019e+12
9.546814e+14
1.687289e+14
1.712885e+14
8.653958e+13
9.445947e+14
4.426665e+12
1.682705e+14
6325780
200140.1
9.261084e+14
4.654185e+14
7.83125e+14
1.716456e+14
6.927582e+14
1.711137e+14
4.681318e+14
4.676665e+14
1.000696e+14
4.673695e+14
1.203927e+14
20917.11
8.578271e+14
7.496871e+14
4.675704e+14
9.251104e+14
9.232755e+14
1.69549e+14
9.472664e+14
235825.3
2283949
9.092483e+14
1.066714e+12
4.676665e+14
1.413895e+12
4.674344e+14
1.69549e+14
1.679462e+14
1.716687e+14
4.611641e+14
9.320639e+14
1.01696
59.2705
55.72389
3275.108
419.3889
49151.49
33750.38
1970.757
91791.29
0.1027591
0.09612186
14.17808
10348.59
539.6788
0.3627369
0.125275
106349.7
25.45627
110.9725
0.1602137
5449.577
438.0025
1.356938
0.1319504
1922436
234463.9
10759.47
95593.12
1042214
2776856
271932.1
1410.372
7633938
524913
203760.6
0.2112495
66777.19
3070.556
15232089
14502.7
4362.786
405.8935
0.2665742
350488.7
345838.3
1367351
3720386
2941.269
572.1732
1017.914
3640231
3172.842
3525671
16262257
236607.9
2939862
1037770
566.6643
2878704
0.2869105
4410.074
13738.35
20052606
2807979
10041160
16387037
1753657
739632.8
10272.2
5925.474
414.953
361118.9
288818.3
3010.564
11327966
1045017
399912
1755978
30082.02
3034.985
8587936
19744817
14785039
1573731
6644569
74665824
40040.2
210133.9
103659.4
0
194597.2
10041160
37054.77
2643.475
44823348
3632451
2994.176
2532913
1361657
2020.755
13871811
62246614
10004895
1502850
15417.88
2003.71
9124053
1026966
4028909
19698265
4121.847
2018515
54835498
2048453
79346125
28181.04
4142.083
19958903
57449392
44823348
4709.037
3096.872
74665824
1552319
49113688
51859034
73023913
62720.13
6183.852
2175745
3349820
3390664
44270909
859810.1
77664407
3468640
73340882
74306854
182419486
81027523
194252599
0
93536.11
85428384
79580176
5415273
11029239
71315025
89327719
3385457
4902451
85391824
1116181
84110380
0
81703593
91578.96
296239407
11604145
0
0
72127151
863280.3
183292306
0
91578.96
292431349
0
91578.96
196551842
88898258
1087150
147571.7
11523059
5345070
5087419
0
292723873
0
48998.79
654101159
80908.14
297204640
1208704285
332157940
292431349
92490.07
92428.44
249634925
3546417
1364067169
33432234
131022862
1196879820
328592370
313734565
666882659
367073107
0
11231495
313734565
119413.2
6508257
1208628257
368063090
26729345
1358265767
1409168621
313700970
1196955268
148677.2
14469012
6508257
0
231019.9
1398455921
1358265767
26578181
1340133165
1412671293
28307246
98489162
32549167
243286452
383470488
383520584
383470488
1350626624
383470488
1046229572
1030306066
8741551
1401108432
383470488
697447474
1405083674
1397583754
225998.6
1893674
33935985
411355280
78362225
147898.4
0
1397583754
229005.9
385026166
1671525
385026166
14635500
40382346
1405944287
385026166
40021004
158166885
112924410
8939382
8830044
334505.6
3285612
385003166
385026166
8887058
23910218
1401108432
384689229
432636998
432636998
383333572
1827439
1419326910
385076536
385198850
386837452
1401108432
385012384
141267
385026166
1401108432
1569236918
0
612810328
26594133
152386.3
1412600243
1407677998
130942.4
0
1397514701
1561834857
397062481
386837452
25270307
964183757
24023014
1561834857
397090894
474091.1
2882582
1407677998
1412600243
7873525
7727786
1405873575
701022189
375892.8
0
9189821
474091.1
473684.4
1546771004
0
2300894
1561834857
2978564
1561133351
0
1559760654
1561834857
1561960203
211357592
1320654143
0
397062481
2394532
420741033
1660.413
421034058
2125010
61399.82
7261882
1.647602
2052953
243.817
126974.9
6059.613
47868.82
4674.256
100369.6
875.1761
1725.939
8550.513
716.4447
980056.8
147189.5
6745.607
1270348
656.7188
31288.68
31586.03
1396.269
221856.7
5218.82
310106.7
108186.6
53832881
7582377
47485.67
96308.23
264550487
1743269
204306.9
125418.9
9565.114
38925.09
52082.51
4690.641
6567029400
62721751
545174.8
392049.6
10008.73
50.44644
45534.4
9746.172
14597.99
5788935
79238.11
646957.9
3735169
82766.41
65762918
1678549
11453627
244011
4387.365
3323.376
86476731
6510894
12000.35
25023.18
4524304
1124.538
145119.1
391217.7
32549.09
384913.2
4521.663
1472704
111634.3
26388181050
57298128
63253313
44467271
39822085
41173466
343107749
1520.251
34660766067
9323.704
80823.61
7136.251
149951383
274677568
89474731
576.6567
14552306
18857.49
296244449
21883.79
352467395
60627.56
10451235
32959899
33566.39
89474731
34133636700
698142.6
21236.51
116567.1
8911.327
3868.117
617419351
40013.87
1835.398
3237.219
98636864
7154998
711623.3
7930552
387.2468
29944.71
11.72271
90322832
89984494
6470964
241300.9
4379.37
1403183
34133636700
4949523
6645.5
14800.54
3025918
35924.77
31769909504
22013.3
1194.125
10637228
9060569
18121.99
3771788
10577783
5963961
42348.99
1245852
14505098
381908.8
11720588
14047336
276488.7
88201874230
69001336
6280559087
87955459
8397366
26612029977
97400676
33107303107
79320387771
8856271
35568641
74132468125
26827083792
28889191323
34660766067
441547.5
29753600
16107121
27828380256
102698270890
34800424084
335069.4
88201874230
641491.6
54209627
74615022111
8422204
102698270890
28645397015
10285592
31769909504
924851.8
97065464
37915893144
20127354
35227793717
33107303107
8856271
34033050076
19105627975
115255557
102162255
913946759
12032765
11789882
8292787
687978.5
8601815
35713873
26953626641
51970344
20127354
33696316
106177271935
21277813
48385390
43993762815
87789715940
28434310
34797921557
1601707
24422331088
48385390
33696316
11364764
687978.5
2152030
759057.9
23591510
64741647
15648442
21545550
9333697
106442857766
1669093713
11047897
106177271935
759057.9
21580371
108351613135
1296756
54789377
759057.9
27811820
641491.6
1.00761e+11
20905171
135971.9
11789882
432181.5
114624582391
104659136595
13228785
102127868160
759057.9
20447744
28402575
75126795820
7411668
1081707
8893417
105670368896
11353526
104895311052
668562.3
169115.2
11353526
98755615
112302684811
43100089
13156202
1669093713
33652444
4122724
100730164701
23578474
79794971978
42812172
114084427197
103324702517
940576.5
114054867196
78156387474
113987162305
45686888
1.12971e+11
22030295
113987162305
6323934
107761904684
11353526
651541.6
11293911
11242976
101942079983
107915532523
11078618
113987162305
113906899548
11347562
113987162305
40361312
40410792
69391069730
121155519719
103128590947
81500306111
11207156
1105631
11071109
4026289
1804952
108256905464
9889973
107915532523
15681895
495125460963
115155251754
9979371
49450115
12864560
1.21719e+11
101037366285
111760883985
88114476121
421430623118
389659140612
1.20592e+11
3246806
1204911800
106027199058
113506174711
3246806
113506174711
9253124
14354372
255197714290
455510890583
86809031396
2.49725e+11
3246806
444627
455207623421
3246806
34196555
164062860
12484117
492843776811
4.5503e+11
3246806
3235966
497407145115
34432350
128578509
68459199
12923572
124580105575
1185028
42196981
5789864
3246806
9445372
4.5803e+11
386156487426
482543306811
8602228
33360827
211128784341
3261838
3261838
495125460963
361537099943
463751417962
2618483
463649730446
454589460928
2787075
487826104332
144975373702
107052088
201702508
114401314751
9301362
457449762591
12957352
59776238
46686566
12718548
3261838
495125460963
5256112
12827966
57790572
68321968
493677449168
3261838
