#load("C:/Users/Lenovo/Desktop/.RData")

setwd("C:/Users/Lenovo/Desktop")
archivo=read.csv("valores descriptores.txt", sep="\t", header = FALSE)
print("archivo cargado")
print("clase del archivo:")
class(archivo)
library(caret)
cantFilas=length(archivo[,1])
cantCols=length(archivo[1,])
part=ceiling(cantCols/3)
if(cantCols>2) #ver que hacer cuando tengo 0, 1 o 2 columnas
	partmuno=part+1
	partdoble=2*part
	partdoblemuno=partdoble+1
	particionUno=archivo[, c(1:part)]
	particionDos=archivo[, c(partmuno:partdoble)]
	particionTres=archivo[, c(partdoblemuno:cantCols)]
	

archivo2=archivo[!is.na(archivo)]
particiones=createDataPartition(archivo2, 3, 0.33, TRUE)
Warning message:
In createDataPartition(archivo2, 3, 0.33, TRUE) :
  Some classes have a single record ( -0,459, -0,506, -0,534, -0,545, -0,587, -0,617, -0,624, -0,627, -0,638, -0,642, -0,643, -0,665, -0,676, -0,68, -0,682, -0,69, -0,699, -0,705, -0,706, -0,708, -0,724, -0,729, -0,733, -0,743, -0,747, -0,751, -0,76, -0,764, -0,77, -0,782, -0,784, -0,79, -0,803, -0,818, -0,825, -0,832, -0,839, -0,84, -0,841, -0,85, -0,852, -0,855, -0,861, -0,862, -0,867, -0,869, -0,87, -0,872, -0,875, -0,877, -0,882, -0,883, -0,886, -0,889, -0,893, -0,894, -0,896, -0,906, -0,911, -0,912, -0,913, -0,917, -0,919, -0,923, -0,924, -0,93, -0,931, -0,932, -0,935, -0,941, -0,943, -0,945, -0,948, -0,958, -0,968, -0,969, -0,971, -0,972, -0,973, -0,974, -0,975, -0,986, -0,993, -0,996, -0,997, -0,998, -1,001, -1,002, -1,009, -1,013, -1,015, -1,017, -1,021, -1,024, -1,027, -1,028, -1,034, -1,037, -1,04, -1,041, -1,043, -1,066, -1,071, -1,088, -1,089, -1,09, -1,091, -1,092, -1,095, -1,096, -1,098, -1,102, -1,106, -1,108, -1,11, -1,111, -1,112, -1,115, -1,116, -1,118, -1,123, -1,128,... <truncated>

particiones
$Resample1
   [1]    7    8   10   12   13   14   21   24   31   33   35   36   37   41   43   44
  [17]   46   48   52   54   57   60   61   62   66   67   68   69   71   72   75   76
  [33]   79   83   88   90   91   95   97   99  100  103  104  110  112  121  122  124
  [49]  126  129  130  133  134  136  137  140  142  144  145  146  147  149  152  155
  [65]  156  157  158  159  163  165  167  172  174  175  178  179  180  181  182  183
  [81]  187  188  189  192  200  201  203  215  217  219  220  221  222  223  227  232
  [97]  233  236  237  240  244  247  248  251  252  256  259  260  261  264  266  269
 [113]  270  271  273  274  277  279  281  282  284  286  291  295  297  298  302  303
 [129]  305  307  308  315  316  318  324  325  331  333  334  337  338  340  345  347
 [145]  348  350  354  358  362  367  368  369  371  372  373  376  380  381  383  385
 [161]  386  387  388  390  391  395  396  397  398  400  401  402  403  405  406  409
 [177]  410  411  412  414  415  416  418  419  420  421  422  423  424  425  426  427
 [193]  428  429  432  433  434  435  436  437  440  441  442  443  445  446  447  448
 [209]  449  450  451  452  455  457  460  463  464  465  466  467  468  470  471  473
 [225]  474  475  476  477  479  481  482  483  485  486  487  488  489  497  499  500
 [241]  504  505  510  511  512  514  516  518  520  521  522  523  524  525  527  528
 [257]  530  532  533  537  538  539  542  543  544  545  546  547  548  549  550  551
 [273]  554  555  556  557  559  561  565  566  568  569  571  572  575  576  580  583
 [289]  584  585  587  589  591  592  593  594  596  598  601  602  607  608  609  610
 [305]  614  615  619  622  623  624  626  627  629  631  633  634  635  638  640  641
 [321]  642  643  644  651  655  658  660  662  666  669  675  676  679  681  687  688
 [337]  689  691  697  699  701  702  704  709  710  711  714  715  718  720  721  722
 [353]  725  726  727  728  732  733  734  736  738  739  740  741  743  748  750  756
 [369]  757  760  761  762  765  768  769  771  772  774  776  779  782  789  790  792
 [385]  797  799  801  802  803  806  809  810  811  812  813  814  815  816  818  821
 [401]  823  827  829  830  832  833  834  837  839  841  842  843  845  847  848  849
 [417]  852  853  854  855  856  861  862  864  865  866  867  868  872  875  877  880
 [433]  881  884  887  888  890  892  893  894  897  898  899  900  901  902  904  907
 [449]  908  909  910  912  914  917  919  920  921  923  924  925  928  931  935  936
 [465]  937  939  940  941  942  944  945  946  947  948  953  954  955  956  958  959
 [481]  960  961  962  964  965  967  968  969  970  973  974  975  985  986  991  995
 [497] 1001 1008 1009 1011 1012 1013 1016 1018 1025 1026 1028 1029 1035 1049 1052 1053
 [513] 1057 1058 1063 1064 1065 1067 1069 1070 1072 1075 1077 1081 1083 1087 1098 1111
 [529] 1115 1116 1126 1127 1137 1139 1141 1147 1150 1151 1152 1156 1159 1161 1163 1165
 [545] 1167 1172 1174 1175 1178 1180 1182 1187 1188 1189 1195 1198 1200 1205 1207 1212
 [561] 1215 1217 1219 1221 1222 1228 1232 1235 1237 1241 1243 1244 1248 1251 1253 1254
 [577] 1255 1257 1263 1266 1269 1271 1273 1274 1275 1278 1281 1283 1289 1294 1295 1308
 [593] 1314 1318 1319 1327 1329 1331 1336 1346 1350 1352 1353 1359 1362 1369 1370 1371
 [609] 1381 1382 1383 1390 1396 1399 1406 1407 1410 1411 1413 1414 1416 1420 1425 1429
 [625] 1430 1437 1439 1441 1443 1444 1445 1447 1449 1454 1455 1460 1461 1463 1464 1465
 [641] 1466 1470 1474 1475 1478 1480 1486 1489 1496 1497 1498 1500 1502 1505 1506 1507
 [657] 1511 1512 1515 1520 1521 1522 1524 1528 1532 1533 1534 1540 1542 1547 1548 1552
 [673] 1553 1558 1559 1560 1561 1565 1569 1570 1571 1573 1574 1577 1580 1586 1587 1588
 [689] 1589 1590 1591 1594 1597 1598 1600 1601 1605 1607 1613 1614 1616 1619 1624 1629
 [705] 1631 1637 1645 1646 1648 1649 1653 1657 1658 1659 1660 1664 1665 1668 1669 1677
 [721] 1679 1681 1685 1687 1694 1697 1701 1707 1708 1713 1716 1717 1720 1725 1726 1727
 [737] 1728 1734 1737 1743 1744 1747 1752 1753 1754 1757 1758 1765 1768 1775 1776 1779
 [753] 1781 1789 1791 1792 1793 1794 1795 1797 1807 1808 1810 1813 1814 1815 1816 1819
 [769] 1822 1824 1828 1829 1835 1836 1837 1839 1846 1851 1852 1853 1857 1859 1860 1861
 [785] 1862 1864 1873 1875 1878 1881 1884 1886 1890 1892 1894 1905 1906 1908 1909 1911
 [801] 1912 1915 1916 1917 1920 1924 1925 1927 1934 1936 1941 1947 1951 1952 1960 1962
 [817] 1963 1964 1965 1966 1971 1972 1973 1974 1978 1980 1984 1988 1991 1996 1998 2000
 [833] 2001 2004 2009 2011 2012 2019 2024 2026 2030 2037 2040 2046 2053 2056 2057 2060
 [849] 2064 2068 2070 2074 2076 2078 2081 2083 2088 2091 2093 2098 2102 2103 2108 2110
 [865] 2113 2115 2116 2119 2120 2124 2127 2128 2129 2130 2134 2136 2142 2147 2148 2150
 [881] 2151 2152 2154 2155 2159 2161 2162 2164 2172 2173 2180 2181 2183 2184 2187 2192
 [897] 2195 2197 2206 2209 2210 2211 2212 2223 2225 2226 2227 2231 2234 2237 2239 2243
 [913] 2244 2245 2248 2250 2251 2253 2255 2260 2262 2263 2265 2267 2268 2273 2278 2281
 [929] 2284 2285 2286 2287 2290 2295 2300 2304 2306 2307 2308 2311 2315 2317 2318 2321
 [945] 2323 2330 2334 2337 2339 2342 2343 2346 2347 2349 2350 2353 2357 2359 2361 2362
 [961] 2366 2368 2369 2372 2373 2377 2380 2381 2390 2392 2396 2397 2400 2401 2404 2405
 [977] 2406 2408 2409 2411 2413 2414 2421 2423 2424 2425 2427 2431 2434 2435 2440 2441
 [993] 2449 2451 2455 2456 2457 2458 2462 2469
 [ reached getOption("max.print") -- omitted 63322 entries ]

$Resample2
   [1]    2    6    8   11   12   13   17   19   21   24   25   28   30   35   36   38
  [17]   39   43   45   48   50   51   53   58   61   63   65   66   67   69   72   76
  [33]   77   80   81   84   89   90   91   94   96   97   98   99  102  113  115  117
  [49]  119  120  125  126  130  134  135  137  138  141  142  143  145  146  148  150
  [65]  152  153  156  157  158  159  162  165  167  172  174  176  178  179  181  185
  [81]  187  188  191  192  198  200  203  204  205  207  217  220  223  225  226  227
  [97]  229  230  232  233  235  240  242  243  246  250  252  258  262  265  267  270
 [113]  273  282  286  287  288  291  295  296  299  303  312  313  314  316  317  320
 [129]  329  331  332  335  339  340  343  347  348  352  353  356  364  367  368  370
 [145]  372  375  377  379  380  381  385  386  387  390  391  392  394  395  396  397
 [161]  398  400  401  402  403  405  406  408  410  411  413  414  415  416  418  419
 [177]  420  421  422  423  424  425  426  427  428  429  432  433  434  435  436  438
 [193]  441  442  444  445  446  447  448  449  450  451  452  454  456  458  460  463
 [209]  464  465  466  467  468  470  471  473  474  475  476  479  480  481  482  483
 [225]  485  486  487  488  489  490  492  493  497  500  503  507  508  510  511  515
 [241]  520  522  523  524  527  531  532  533  534  536  537  538  540  542  543  544
 [257]  545  546  547  548  549  550  551  554  555  556  557  558  561  564  565  567
 [273]  571  574  576  578  580  583  585  587  588  589  590  592  593  595  596  598
 [289]  601  607  608  609  610  611  612  614  617  618  621  622  624  626  633  634
 [305]  636  638  640  641  642  643  644  648  651  653  654  656  662  664  667  668
 [321]  671  674  676  677  679  681  682  683  687  690  695  697  699  701  702  705
 [337]  706  709  711  712  714  717  718  720  721  725  726  728  733  734  736  738
 [353]  739  740  741  747  748  750  752  753  754  755  756  757  758  762  764  765
 [369]  766  767  769  770  772  774  776  777  778  780  782  784  786  788  789  791
 [385]  792  793  797  798  801  803  810  811  813  814  815  816  821  822  825  826
 [401]  828  830  831  832  834  836  837  838  841  842  843  847  848  849  850  852
 [417]  854  855  858  861  862  864  865  867  869  872  873  874  877  879  882  883
 [433]  886  890  892  893  894  897  898  899  900  901  902  906  907  908  910  912
 [449]  914  917  918  921  923  925  928  931  932  934  935  937  938  939  940  942
 [465]  944  945  946  947  949  950  952  953  954  955  956  958  959  962  964  966
 [481]  968  969  971  974  975  977  978  980  983  986  987  988  990  991  994  996
 [497]  997  998  999 1005 1007 1010 1015 1018 1023 1025 1027 1029 1039 1040 1041 1044
 [513] 1047 1049 1052 1055 1057 1058 1059 1062 1066 1067 1068 1069 1070 1076 1079 1080
 [529] 1090 1091 1092 1093 1098 1099 1101 1103 1109 1111 1112 1115 1120 1126 1127 1128
 [545] 1130 1132 1133 1134 1135 1137 1141 1142 1146 1149 1150 1153 1156 1157 1159 1162
 [561] 1163 1164 1169 1177 1180 1182 1184 1185 1190 1191 1194 1196 1199 1203 1206 1207
 [577] 1208 1211 1212 1213 1215 1217 1219 1220 1228 1234 1235 1236 1237 1238 1241 1245
 [593] 1246 1249 1253 1256 1265 1266 1270 1274 1277 1288 1289 1291 1293 1295 1297 1299
 [609] 1300 1301 1305 1306 1310 1311 1312 1313 1320 1323 1324 1326 1330 1332 1335 1336
 [625] 1339 1348 1349 1350 1351 1352 1353 1354 1361 1363 1366 1369 1372 1377 1382 1383
 [641] 1384 1386 1390 1391 1395 1396 1397 1401 1402 1403 1404 1405 1409 1411 1415 1416
 [657] 1419 1425 1431 1435 1436 1439 1441 1442 1446 1448 1451 1459 1460 1463 1466 1468
 [673] 1473 1475 1476 1477 1478 1482 1484 1486 1489 1495 1496 1497 1507 1508 1509 1510
 [689] 1511 1514 1516 1517 1524 1525 1528 1533 1534 1536 1539 1541 1544 1547 1551 1556
 [705] 1558 1559 1561 1562 1565 1569 1572 1573 1576 1580 1581 1583 1584 1585 1588 1589
 [721] 1590 1592 1598 1599 1604 1610 1611 1612 1615 1618 1622 1625 1626 1629 1634 1635
 [737] 1637 1638 1641 1645 1649 1654 1661 1662 1665 1667 1671 1675 1677 1678 1679 1684
 [753] 1689 1690 1693 1698 1704 1711 1714 1721 1722 1724 1725 1727 1729 1736 1740 1746
 [769] 1750 1751 1753 1759 1761 1767 1775 1777 1778 1782 1783 1784 1785 1787 1789 1790
 [785] 1791 1797 1798 1799 1800 1803 1804 1806 1808 1810 1811 1812 1816 1818 1819 1822
 [801] 1823 1824 1828 1830 1832 1837 1839 1841 1844 1847 1849 1850 1851 1853 1855 1856
 [817] 1860 1862 1865 1870 1874 1875 1876 1877 1879 1882 1883 1887 1888 1898 1903 1905
 [833] 1908 1909 1915 1920 1921 1922 1926 1928 1931 1933 1935 1937 1939 1950 1954 1955
 [849] 1956 1959 1960 1962 1964 1967 1969 1975 1977 1978 1980 1984 1988 1998 2008 2010
 [865] 2013 2023 2026 2030 2043 2050 2051 2060 2064 2068 2069 2076 2081 2082 2083 2084
 [881] 2085 2086 2096 2097 2105 2108 2111 2112 2113 2114 2116 2120 2122 2126 2127 2128
 [897] 2131 2135 2137 2139 2141 2145 2146 2147 2150 2154 2156 2173 2178 2179 2182 2185
 [913] 2187 2188 2189 2190 2191 2193 2195 2198 2203 2208 2209 2212 2213 2215 2219 2221
 [929] 2226 2228 2232 2234 2235 2236 2238 2241 2245 2246 2248 2249 2255 2256 2262 2265
 [945] 2269 2271 2275 2278 2280 2283 2287 2292 2293 2294 2296 2297 2305 2307 2308 2310
 [961] 2312 2314 2317 2318 2320 2323 2324 2328 2329 2330 2333 2336 2343 2345 2347 2349
 [977] 2353 2355 2358 2361 2364 2365 2369 2372 2377 2378 2379 2382 2384 2391 2396 2398
 [993] 2401 2403 2409 2410 2412 2414 2415 2418
 [ reached getOption("max.print") -- omitted 63322 entries ]

$Resample3
   [1]    8   10   11   12   14   18   21   26   31   34   39   42   43   45   47   51
  [17]   53   59   60   65   67   71   72   73   76   80   81   84   86   87   88   90
  [33]   96   97   99  104  105  108  112  113  114  115  116  122  123  126  128  129
  [49]  131  137  138  140  144  146  148  149  151  152  157  158  159  161  163  165
  [65]  166  167  170  171  172  174  176  178  180  181  186  187  188  189  192  197
  [81]  198  201  203  208  211  213  214  216  218  219  221  223  227  228  230  235
  [97]  237  238  239  241  250  256  257  259  261  269  271  272  276  277  279  282
 [113]  283  284  290  296  303  307  316  317  319  320  322  329  330  334  336  342
 [129]  353  355  357  358  360  362  363  367  368  370  375  377  378  379  380  381
 [145]  385  386  389  390  391  392  393  394  396  397  398  400  401  402  403  404
 [161]  407  408  410  411  412  414  415  416  417  419  420  421  422  423  424  425
 [177]  426  427  428  429  432  433  434  435  436  437  439  441  444  445  446  447
 [193]  448  449  450  451  452  455  456  459  461  463  464  465  466  467  468  470
 [209]  471  472  474  475  476  479  480  481  482  483  485  486  487  488  489  490
 [225]  491  492  493  494  497  501  502  504  505  509  511  517  518  520  521  522
 [241]  523  524  526  531  532  533  534  536  537  538  539  541  542  543  544  545
 [257]  546  548  549  552  554  555  556  557  558  559  560  561  562  566  568  570
 [273]  571  573  575  576  577  578  579  581  582  586  587  588  589  591  592  593
 [289]  595  596  597  598  599  600  603  607  608  609  613  615  616  617  619  620
 [305]  626  627  628  633  634  635  637  638  640  641  644  646  648  650  655  656
 [321]  658  662  663  664  665  666  667  669  672  673  676  680  681  685  686  690
 [337]  694  695  697  698  702  703  704  709  710  711  713  714  715  717  722  725
 [353]  726  728  732  733  734  736  737  739  740  744  746  748  749  751  752  753
 [369]  754  755  756  762  764  765  768  769  770  772  775  776  777  779  780  782
 [385]  787  789  790  791  795  801  802  804  806  808  809  811  813  814  815  816
 [401]  818  820  822  824  827  829  830  832  833  837  839  841  842  844  845  847
 [417]  848  849  851  852  854  855  859  862  865  866  867  868  871  872  873  876
 [433]  877  886  887  890  892  893  894  897  898  899  901  902  904  906  907  908
 [449]  910  912  913  914  916  917  918  921  922  923  924  926  928  929  931  932
 [465]  933  935  937  939  940  941  942  943  944  945  946  947  948  951  953  954
 [481]  955  956  958  959  961  962  968  969  971  973  974  975  977  978  989  990
 [497]  997 1000 1002 1006 1010 1017 1020 1024 1027 1033 1034 1037 1043 1044 1048 1052
 [513] 1053 1058 1059 1067 1070 1072 1073 1074 1075 1078 1080 1091 1092 1098 1100 1104
 [529] 1105 1108 1114 1120 1123 1124 1126 1129 1130 1131 1132 1133 1136 1138 1139 1140
 [545] 1142 1146 1147 1151 1158 1162 1169 1171 1172 1177 1180 1189 1193 1198 1200 1202
 [561] 1203 1204 1206 1211 1213 1214 1222 1223 1225 1227 1230 1235 1240 1243 1245 1247
 [577] 1248 1250 1252 1254 1256 1258 1259 1262 1267 1268 1269 1271 1275 1282 1286 1288
 [593] 1289 1291 1294 1298 1303 1304 1317 1322 1326 1330 1339 1344 1346 1349 1350 1351
 [609] 1354 1363 1366 1369 1378 1379 1380 1383 1385 1387 1388 1391 1393 1397 1398 1400
 [625] 1401 1402 1403 1406 1407 1410 1412 1414 1417 1418 1421 1422 1424 1425 1428 1429
 [641] 1434 1435 1436 1437 1439 1443 1445 1447 1454 1458 1459 1464 1466 1468 1469 1471
 [657] 1472 1475 1479 1480 1481 1485 1486 1495 1496 1498 1499 1501 1503 1505 1509 1510
 [673] 1511 1515 1525 1528 1529 1530 1533 1535 1536 1541 1553 1556 1557 1558 1561 1563
 [689] 1564 1565 1567 1569 1571 1573 1578 1579 1581 1582 1585 1586 1587 1595 1596 1599
 [705] 1601 1602 1606 1608 1609 1612 1615 1617 1626 1629 1633 1634 1640 1643 1648 1649
 [721] 1651 1655 1660 1663 1664 1671 1674 1675 1681 1683 1684 1688 1689 1692 1694 1697
 [737] 1699 1703 1704 1705 1706 1713 1722 1728 1729 1732 1733 1735 1736 1739 1741 1742
 [753] 1744 1745 1748 1749 1753 1754 1755 1757 1758 1763 1764 1766 1767 1768 1773 1778
 [769] 1780 1782 1783 1784 1786 1787 1789 1793 1795 1796 1797 1801 1803 1804 1805 1806
 [785] 1813 1817 1818 1822 1823 1824 1830 1839 1843 1846 1848 1853 1854 1872 1876 1878
 [801] 1880 1886 1888 1891 1896 1899 1903 1906 1909 1911 1916 1921 1923 1925 1926 1927
 [817] 1928 1933 1934 1935 1937 1940 1942 1945 1946 1951 1956 1957 1959 1960 1961 1965
 [833] 1966 1969 1970 1975 1982 1983 1987 1988 1989 1991 1992 1999 2003 2009 2015 2018
 [849] 2026 2029 2033 2038 2041 2046 2051 2056 2058 2061 2065 2066 2070 2071 2075 2077
 [865] 2080 2083 2085 2086 2087 2090 2092 2093 2098 2100 2102 2107 2111 2112 2113 2115
 [881] 2117 2118 2119 2120 2127 2129 2130 2131 2132 2134 2135 2137 2139 2146 2149 2151
 [897] 2152 2158 2165 2166 2167 2168 2170 2171 2173 2174 2175 2176 2180 2182 2183 2185
 [913] 2193 2194 2203 2205 2211 2212 2215 2220 2221 2223 2226 2228 2229 2230 2232 2234
 [929] 2235 2241 2253 2258 2259 2260 2262 2263 2264 2267 2270 2271 2272 2273 2276 2279
 [945] 2280 2283 2284 2287 2289 2292 2293 2295 2296 2297 2300 2310 2311 2316 2317 2318
 [961] 2320 2322 2323 2327 2333 2335 2337 2340 2342 2344 2347 2353 2359 2363 2364 2368
 [977] 2371 2372 2373 2381 2384 2385 2388 2390 2392 2397 2400 2404 2411 2412 2414 2415
 [993] 2418 2420 2422 2425 2429 2438 2440 2446
 [ reached getOption("max.print") -- omitted 63322 entries ]
