1 2 5 3 5 9
2 3 5 4 6 9
3 4 5 5 7 9
4 5 5 6 8 9
5 6 5 7 9 9
6 7 5 8 0 9
7 8 5 9 9 9
8 9 5 0 8 9
9 0 5 9 7 9
0 9 5 8 6 9
4 5 5 6 9 9
7 8 5 9 3 9
4 1 5 2 6 9
0 2 5 3 6 9
0 0 5 0 0 9
4 5 5 6 9 9
4 7 5 8 5 9
1 2 5 3 3 9
1 1 5 1 1 9
9 8 5 7 4 9
5 6 5 9 8 9
5 7 5 8 9 9
1 4 5 7 1 9
0 1 5 0 1 9
2 5 5 8 7 9
2 6 5 9 3 9
5 6 5 9 8 9
5 7 5 8 9 9
1 4 5 7 1 9
0 1 5 0 1 9
2 5 5 8 7 9
2 6 5 9 3 9
2 7 5 1 1 9
2 8 5 0 0 9
2 9 5 7 4 9
3 0 5 2 0 9
5 6 5 9 8 9 
5 7 5 8 9 9
1 4 5 7 1 9
0 1 5 0 1 9
2 5 5 8 7 9
2 6 5 9 3 9
5 6 5 9 8 9
5 7 5 8 9 9
1 4 5 7 1 9
0 1 5 0 1 9
1 2 5 3 5 9
2 3 5 4 6 9
3 4 5 5 7 9
4 5 5 6 8 9
5 6 5 7 9 9
6 7 5 8 0 9
3 5 5 6 7 9
0 9 5 8 7 9
5 4 5 7 8 9
9 6 5 2 1 9
7 4 5 1 0 9
1 2 5 3 6 9
4 1 5 4 1 9
0 1 5 0 2 9
0 0 5 0 1 9
0 0 5 0 3 9
0 2 5 3 6 9
4 5 5 1 0 9
4 5 5 6 9 9
7 7 5 7 7 9
4 4 5 4 4 9
