Externa 
2 3 4 7 8
10 11 12 13 14
15 16 17 19 20
21 22 26 27 28
29 30 31 32 33
36 37 38 40 41
42 43 44 45 47
49 50 52 56 58
60 62 63 64 65
66 67 68 69 72
73 74 76 77 83
85 86 87 88 89
90 91 92 94 95
96 98 100 101 103
104 105 106 107 108
109 111 112 113 115
116 117 118 119 120
121 122
Interna 
-2 -3 -4 -7 -8
-10 -11 -12 -13 -14
-15 -16 -17 -19 -20
-21 -22 -26 -27 -28
-29 -30 -31 -32 -33
-36 -37 -38 -40 -41
-42 -43 -44 -45 -47
-49 -50 -52 -56 -58
-60 -62 -63 -64 -65
-66 -67 -68 -69 -72
-73 -74 -76 -77 -83
-85 -86 -87 -88 -89
-90 -91 -92 -94 -95
-96 -98 -100 -101 -103
-104 -105 -106 -107 -108
-109 -111 -112 -113 -115
-116 -117 -118 -119 -120
-121 -122
