Externa 
1 2 4 6 7
8 10 11 12 14
16 17 18 19 20
21 22 23 24 25
27 29 30 31 33
34 36 37 38 40
42 43 44 45 48
51 52 53 54 55
56 57 58 59 60
61 66 67 68 69
70 71 72 73 74
75 76 78 80 81
85 86 87 88 89
91 94 95 96 97
98 99 100 101 103
104 105 106 107 108
109 112 113 115 116
117 119 120 122
Interna 
-1 -2 -4 -6 -7
-8 -10 -11 -12 -14
-16 -17 -18 -19 -20
-21 -22 -23 -24 -25
-27 -29 -30 -31 -33
-34 -36 -37 -38 -40
-42 -43 -44 -45 -48
-51 -52 -53 -54 -55
-56 -57 -58 -59 -60
-61 -66 -67 -68 -69
-70 -71 -72 -73 -74
-75 -76 -78 -80 -81
-85 -86 -87 -88 -89
-91 -94 -95 -96 -97
-98 -99 -100 -101 -103
-104 -105 -106 -107 -108
-109 -112 -113 -115 -116
-117 -119 -120 -122
