Externa 
2 3 4 5 6
7 8 11 12 14
15 16 17 18 19
21 22 24 25 26
27 30 32 33 34
35 36 38 40 41
42 43 44 45 46
48 49 50 53 54
55 56 57 58 59
60 61 62 63 65
66 67 68 72 73
74 75 77 78 79
80 81 82 83 84
86 87 88 89 90
91 92 93 96 98
99 100 101 104 107
108 111 113 116 118
121 122
Interna 
-2 -3 -4 -5 -6
-7 -8 -11 -12 -14
-15 -16 -17 -18 -19
-21 -22 -24 -25 -26
-27 -30 -32 -33 -34
-35 -36 -38 -40 -41
-42 -43 -44 -45 -46
-48 -49 -50 -53 -54
-55 -56 -57 -58 -59
-60 -61 -62 -63 -65
-66 -67 -68 -72 -73
-74 -75 -77 -78 -79
-80 -81 -82 -83 -84
-86 -87 -88 -89 -90
-91 -92 -93 -96 -98
-99 -100 -101 -104 -107
-108 -111 -113 -116 -118
-121 -122
