Externa 
2 3 4 5 6
7 8 10 11 12
14 15 16 17 18
20 21 22 24 25
27 28 29 30 32
33 34 35 36 38
40 41 42 43 44
46 48 49 50 51
53 54 55 56 58
59 60 61 63 64
65 66 67 68 69
70 71 72 73 75
76 77 80 81 83
84 85 87 88 89
90 91 92 93 94
95 97 100 101 102
103 104 105 106 108
109 110 112 115 117
119 121 122
Interna 
-2 -3 -4 -5 -6
-7 -8 -10 -11 -12
-14 -15 -16 -17 -18
-20 -21 -22 -24 -25
-27 -28 -29 -30 -32
-33 -34 -35 -36 -38
-40 -41 -42 -43 -44
-46 -48 -49 -50 -51
-53 -54 -55 -56 -58
-59 -60 -61 -63 -64
-65 -66 -67 -68 -69
-70 -71 -72 -73 -75
-76 -77 -80 -81 -83
-84 -85 -87 -88 -89
-90 -91 -92 -93 -94
-95 -97 -100 -101 -102
-103 -104 -105 -106 -108
-109 -110 -112 -115 -117
-119 -121 -122
