Externa 
1 2 3 4 7
8 9 11 12 13
14 15 16 17 18
22 23 24 25 26
27 28 29 30 31
33 34 35 37 39
40 41 42 44 46
48 50 51 52 55
56 59 62 63 64
65 66 68 69 70
71 72 73 74 75
77 78 79 81 82
83 84 85 86 87
91 92 94 95 96
97 98 99 100 101
102 104 105 106 108
110 111 112 113 114
115 116 117 118 119
120 121 122
Interna 
-1 -2 -3 -4 -7
-8 -9 -11 -12 -13
-14 -15 -16 -17 -18
-22 -23 -24 -25 -26
-27 -28 -29 -30 -31
-33 -34 -35 -37 -39
-40 -41 -42 -44 -46
-48 -50 -51 -52 -55
-56 -59 -62 -63 -64
-65 -66 -68 -69 -70
-71 -72 -73 -74 -75
-77 -78 -79 -81 -82
-83 -84 -85 -86 -87
-91 -92 -94 -95 -96
-97 -98 -99 -100 -101
-102 -104 -105 -106 -108
-110 -111 -112 -113 -114
-115 -116 -117 -118 -119
-120 -121 -122
