0.7069875
7.75999
8.07971
7.171991
2.471674
7.066238
7.158231
8.476801
6.669794
8.597444
8.292297
2.648211
5.630718
6.038635
8.883538
5.391941
6.913783
6.384892
8.592475
8.678333
7.058033
5.484716
7.510804
5.689139
7.184429
6.448244
7.500078
6.963417
8.791851
6.654132
2.129695
1.18624
9.304529
7.789334
5.052055
6.488465
6.801477
7.088163
8.003997
7.706959
8.27005
6.921003
8.807287
7.185985
7.002188
9.460263
8.977465
10.1245
8.19782
8.654801
9.472512
8.859802
9.25368
8.349442
7.996584
8.829397
9.438312
8.749889
8.461375
8.679715
8.587938
8.686891
9.490954
9.672933
2.39309
8.592877
9.338214
9.086937
9.437008
9.774397
0.005320987
7.529731
9.706431
9.462044
8.908131
8.627223
9.111321
9.041491
9.15928
9.071916
10.07428
9.693401
9.601932
9.708494
9.553677
8.985104
9.185006
9.826499
9.998647
9.961864
9.81444
0.003809704
9.698925
9.555557
9.856807
9.399516
10.51894
9.760584
7.40739
10.22036
10.26848
9.154579
10.40724
0.005312013
9.962966
7.273755
0.005202062
7.880812
10.55168
10.26848
10.42752
10.75943
10.17319
10.26207
7.706483
10.27832
10.36231
9.361927
10.78466
7.947159
3.00122
8.072412
10.19626
10.51252
10.66107
10.50921
9.378416
0.003743554
2.794922
10.53955
9.962555
10.51294
10.53955
10.0483
8.136366
9.219028
10.58743
10.38408
10.53478
10.35908
7.959734
10.55267
10.17101
7.667838
4.978972
6.543255
7.037529
7.145962
5.718546
7.916819
6.17967
7.139286
7.383403
6.100719
6.692494
6.245019
6.536181
6.4334
7.23249
7.212591
6.723672
6.775299
6.879857
6.886334
6.263468
7.59003
5.808818
6.743662
8.054567
7.500152
5.673433
6.070654
7.604114
7.198583
7.053078
7.610129
6.386316
8.187815
6.604254
7.298051
8.009819
7.981651
7.603623
7.468456
7.192109
7.270879
6.72937
6.509001
7.233132
7.461447
7.934239
6.919111
7.32573
7.263466
7.232226
7.204624
7.734773
8.241883
7.994676
8.048324
7.454611
7.391167
7.831823
7.511493
7.539248
7.85645
7.628148
7.828167
7.431614
7.626911
8.053014
7.749721
7.16428
7.79249
7.804281
7.799775
8.241883
8.054567
7.978251
7.865734
7.838717
8.052861
6.445358
8.148279
8.009819
8.054567
8.262949
7.010895
8.429198
8.429198
8.054567
8.429198
8.054567
8.35807
7.978251
8.333467
0.08048935
8.392659
7.988934
8.699917
8.616514
8.176373
8.235495
8.502192
8.206155
8.803829
8.241883
8.539767
8.35807
8.445684
8.437038
8.174723
8.360512
8.37217
7.304611
8.165596
8.206155
8.616514
7.414191
8.721464
7.302563
8.616514
8.616514
8.349332
7.661481
8.579162
8.534873
8.546301
8.692173
8.795045
8.609835
8.343946
8.616514
8.616514
8.528511
7.636639
8.626378
3.015603
8.551505
7.73434
5.239946
7.364637
6.825234
0.06362928
5.033133
10.43249
7.73055
7.085154
7.437691
0.0004892061
9.466691
1.282926
7.764909
1.38217
10.08484
4.455342
9.979318
0.0005279779
0.1039411
3.099871
7.870311
5.797947
4.177339
5.185761
0.3689421
8.078945
5.357222
0.1626381
9.750207
0.08008995
7.270966
6.0432
9.434217
7.404546
9.188259
10.03213
6.268512
5.404254
8.741158
7.631498
7.737665
10.46035
7.928769
4.590498
0.07844436
0.1384608
0.1701571
0.1982104
10.18508
9.065336
6.172346
0.01713135
5.502567
7.69506
6.264519
0.1448244
0.1752585
9.753464
10.11799
9.745123
10.17251
10.51917
9.650401
8.143722
11.16083
9.25676
9.786203
10.19509
0.1790593
6.196839
10.70414
9.317338
0.02610909
10.05307
10.24235
6.581629
10.47491
11.14834
6.420898
5.705867
10.4265
5.291458
9.609964
9.966313
5.987769
4.654101
10.68979
6.068589
10.93973
10.54598
4.567813
1.574737
10.87143
11.42705
10.88181
7.736812
8.1395
0.2023315
10.17514
10.73624
11.13524
11.21322
8.338024
10.91038
10.81639
4.229932
6.920618
11.01683
7.479715
7.771536
4.653426
0
0
0
0
0
0
0
0
0
0
0
0
0
0
0
0
0
0
0
0
0
0
0
0
0
0
0
0
0
0
0
0
0
0
0
0
0
0
0
0
0
0
0
0
0
0
0
0
0
0
0
0
0
0
0
0
0
0
0
0
0
0
0
0
0
0
0
0
0
0
0
0
0
0
0
0
0
0
0
0
0
0
0
0
0
0
0
0
0
0
0
0
0
0
0
0
0
0
0
0
0
0
0
0
0
0
0
0
0
0
0
0
0
0
0
0
0
0
0
0
0
0
0
0
0
0
0
0
0
0
0
0
0
0
0
0
0
0
0
0
0
0
0
0
0
0
0
0
0
0
0
0
0
0
0
0
0
0
0
0
0
0
0
0
0
0
0
0
0
0
0
0
0
0
0
0
0
0
0
0
0
0
0
0
0
0
0
0
0
0
0
0
0
6.745415
0.004370109
0.1307971
0.6884324
5.999767
3.761487
3.160149
2.594209
0.0069812
0.5681383
0.7587203
2.283446
0.02752933
1.670262
6.957464
0.0004207297
0.008278123
6.548896e-05
4.978819
0.03869856
6.521533
0.00666355
7.088168
0.008434582
3.011436
0.9613979
5.339984
2.595412
5.017354
4.361599
3.466844
7.174555
1.346086
9.405842
6.703557
5.168447
4.293558
6.235739
7.160496
9.307865
7.237924
6.895524
6.930926
6.43263
5.5157
4.579614
0
0
0
0
0
0
0
0
0
0
0
0
0
0
0
0
0
0
0
0
0
0
0
0
0
0
0
0
0
0
0
0
0
0
0
0
0
0
0
0
0
0
0
0
0
0
0
0
0
0
0
0
0
0
0
0
0
0
0
0
0
0
0
0
0
0
0
0
0
0
0
0
0
0
0
0
0
0
0
0
0
0
0
0
0
0
0
0
0
0
0
0
0
0
0
0
0
0
0
0
0
0
0
0
0
0
0
0
0
0
0
0
0
0
0
0
0
0
0
0
0
0
0
0
0
0
0
0
0
0
0
0
0
0
0
0
0
0
0
0
0
0
0
0
0
0
0
0
0
0
0
0
0
0
0
0
0
0
0
0
0
0
0
0
0
0
0
0
0
0
0
0
0
0
0
0
0
0
0
0
0
0
0
0
0
0
0
0
0
0
0
0
0
0
0
0
0
0
0
0
0
0
0
0
0
0
0
0
0
0
0
0
0
0
0
0
0
0
0
0
0
0
0
0
0
0
0
0
0
0
0
0
0
0
0
0
0
0
0
0
0
0
0
0
0
0
0
0
0
0
0
0
0
0
0
0
0
0
0
0
6.745415
0.004370109
0.1307971
0.6884324
5.999767
3.761487
3.160149
2.594209
0.0069812
0.5681383
0.7587203
2.283446
0.02752933
1.670262
6.957464
0.0004207297
0.008278123
6.548896e-05
4.978819
0.03869856
6.521533
0.00666355
7.088168
0.008434582
3.011436
0.9613979
5.339984
2.595412
5.017354
4.361599
3.466844
7.174555
1.346086
9.405842
6.703557
5.168447
4.293558
6.235739
7.160496
9.307865
7.237924
6.895524
6.930926
6.43263
5.5157
4.579614
8.993287
6.552373
9.136675
7.465823
5.328596
5.575501
8.228237
7.251191
7.101346
6.334461
9.087953
9.527746
8.061612
8.89862
7.458514
7.091703
7.766793
9.178633
9.405842
9.457737
9.50382
9.170798
7.242151
9.647337
9.50382
9.080988
8.759551
8.759551
9.50382
6.931475
9.2993
8.502998
9.531152
6.700772
9.601798
9.629105
7.34415
9.178504
9.545786
9.748888
6.752079
9.308058
9.178504
6.806736
9.748888
9.545786
9.08388
8.594428
9.6482
9.629105
9.647337
8.754497
8.909931
10.37206
8.84569
9.850439
9.748888
6.780339
9.748702
9.813108
8.756706
10.36442
9.850439
10.18185
9.95199
6.87649
9.850439
10.08504
8.995565
10.26636
9.506783
7.275421
5.587498
9.706067
10.48359
11.20996
9.400443
9.828239
7.826203
10.37795
9.436666
10.19233
9.809323
10.47468
10.37018
9.861984
10.71727
11.05421
10.48167
9.124427
8.516443
11.09522
10.12501
9.82671
10.28079
6.479091
7.45221
5.142692
5.383932
1.124895
6.130804
5.144893
6.72317
4.798502
3.441692
5.702148
6.812182
6.486773
3.158123
6.1693
7.187007
6.012268
5.140381
8.101263
5.33772
5.835106
7.303383
7.584884
5.463563
7.395876
6.591217
8.280282
7.282656
5.850196
6.711394
6.45122
5.941863
8.231486
5.379545
5.307894
7.519029
4.124841
6.605869
7.838198
7.557854
7.310951
2.947697
7.51881
8.586317
8.218836
7.747074
7.837966
7.99182
6.490918
5.416769
3.852531
8.016214
8.182445
6.844475
7.969114
8.271733
8.906663
8.669943
8.177445
8.486537
8.822637
8.595207
6.14456
8.668092
8.688934
8.57193
8.992123
8.150785
8.990688
9.074713
9.169591
9.281523
8.822637
9.076162
9.076162
9.238637
9.083894
7.259701
8.016807
8.672904
9.369918
8.770905
9.412951
8.583846
9.503844
9.193127
9.458314
7.134541
7.744163
10.1901
9.504943
8.726154
9.590497
8.841756
10.09397
5.757646
9.138141
9.340986
9.682946
7.22093
9.680127
10.25894
9.578991
9.772437
10.05055
11.37375
9.969141
10.06231
10.16306
9.57673
9.850549
10.02258
10.07736
9.515675
9.784817
10.05448
9.899675
10.16128
9.645861
11.26746
9.227795
7.789483
9.396037
9.982056
8.154248
10.23621
11.26746
10.27681
10.35482
11.26746
9.574975
11.22597
9.590497
11.28236
11.48005
11.16116
10.89729
11.3624
11.17592
8.813448
11.47061
11.32992
11.34246
11.40225
10.29763
6.525953
10.73557
9.769758
8.111547
10.97849
11.50783
7.202023
11.58635
9.378794
11.11488
6.675222
10.9248
9.279231
11.50401
11.0269
11.69264
9.892923
8.745222
9.365952
8.004047
8.824724
11.1837
9.550882
10.44888
3.320767
11.58635
11.41047
8.076811
11.58635
11.60167
11.2057
11.48005
11.71904
7.898693
11.61153
11.09981
11.61153
10.48979
8.254009
11.61153
11.41313
11.1029
11.62706
11.57922
11.61153
6.630017
12.06807
8.066571
7.319614
9.552391
6.943426
11.61153
8.016624
11.85123
9.845267
7.216766
11.95633
11.20354
3.301371
12.04603
7.834509
11.43328
11.95633
11.36794
11.95633
9.63389
12.03654
11.95633
11.93551
8.55887
12.63058
9.365749
12.31353
7.272321
11.92176
12.59031
11.76084
7.551166
12.51254
11.91334
9.05731
12.64099
12.51254
9.333963
7.465586
11.53685
8.868117
12.00654
7.114676
7.986636
11.32464
12.52394
9.127535
12.52394
12.29133
12.52394
12.32711
12.47868
12.75803
12.47374
7.155748
12.64099
9.185142
0
0
0.07393312
0.646948
0.2080103
0.39667
0.2181724
0.3160059
0.3126747
0.697783
0.689581
0.09028412
0.07925434
0.9157495
2.397993
0.07764503
0.003630365
0.0535454
0.3357502
0.1695123
0.3487705
0.01134789
0.02859545
0.08018185
0.09536939
0.07216734
0.4729422
0.3896593
0.04716119
0.3622915
0.2074056
0.04491979
0.2829508
2.399082
0.008731611
0.898741
0.1466616
0.02350702
0.2518971
2.397993
0.6980967
0.4968051
0.6980967
0.6472445
0.02026871
2.40017
2.397993
2.397993
2.40017
2.401259
2.40017
2.108108
2.401259
2.401259
2.399082
2.401259
0.01113013
2.401259
2.402347
2.40017
2.40017
2.399082
2.402347
2.40017
2.402347
2.40017
2.379705
2.40017
2.40017
2.402347
2.403436
0.08365435
2.401259
2.402347
2.403436
2.402347
2.112147
2.402347
2.401259
2.401259
2.404524
2.403436
2.401259
2.401259
2.403436
2.404524
2.401259
2.403436
2.402347
2.403436
0.02316086
2.404524
2.404524
2.404524
2.098704
2.097754
2.405613
2.403436
2.402347
2.404524
2.405613
2.404524
2.405613
2.405613
2.404524
2.403436
2.403436
2.405631
2.406702
2.404524
2.406702
2.404524
2.406702
2.405613
2.405613
2.390172
2.40779
2.40779
2.406702
2.406702
1.424937
2.40779
2.40779
2.406702
2.405613
2.40779
2.408879
2.405613
2.408879
2.408879
0.06227115
2.409967
0.08384379
2.409967
2.409967
2.411056
2.408879
2.409967
2.408879
0.2825765
2.409967
2.408879
2.408879
2.409967
2.409967
2.408879
2.409967
2.411056
2.412144
2.408879
2.408879
0.1032609
2.413233
2.413233
2.411056
2.413233
2.414321
2.409967
2.411056
2.411056
2.412144
2.411056
2.412144
2.413255
2.414321
2.411056
0.0623837
1.436811
2.414321
2.413233
2.413233
2.411077
2.120531
2.413233
2.414344
2.412166
0.08986297
2.41541
2.413255
2.413233
2.41541
2.414321
2.41541
2.415433
2.416498
2.416498
2.414344
2.416498
2.416498
2.416498
2.41541
0.1034939
2.41541
2.414321
2.41541
0.01120073
2.417587
2.41541
2.41541
2.417587
2.41541
2.417587
2.41541
2.416498
2.417587
2.416498
0.01120577
2.41541
0.07672564
2.418675
2.418675
2.418675
2.417587
2.419764
2.419764
2.418675
2.418675
2.416498
2.417587
2.418675
2.417587
2.419764
2.419764
2.421941
2.420852
2.420852
2.419764
2.419764
2.420852
2.420852
2.420852
2.420852
2.420852
2.419764
0.08429843
0.1103726
0.03364488
2.420852
2.420852
2.423029
2.423029
1.604722
2.423029
2.420852
2.421941
2.424118
2.420852
2.424118
2.424118
0.0626978
0.01651054
2.423029
2.538146
3.223348
0.3813503
2.144894
3.902846
0.292717
0.5856359
0.04186711
2.838022
0.001364811
2.138033
0.3730532
0.9706754
0.9597882
3.877214
0.6969401
3.780192
2.068761
0.004647855
0.02383652
0.0313444
1.499987
2.400518
2.847323
0.9906193
1.746015
2.24177
2.749325
0.3074539
1.034112
1.329613
3.557189
2.099087
3.778496
3.08113
2.48422
3.221886
2.710463
3.778496
4.310342
2.408746
2.353791
3.757947
1.13916
3.558733
1.777427
0.3431041
4.308382
0.7824925
4.27444
3.879379
3.904591
4.381271
3.781888
0.0220793
4.402438
1.346162
1.246376
0.1863111
3.881141
3.778496
0.04524943
4.181709
4.383263
4.37928
2.588483
1.343208
3.749563
1.806962
3.375467
2.464746
4.681641
3.650797
4.383263
2.46587
4.381271
1.403902
4.381271
4.683766
4.402438
1.344424
2.466994
4.681641
4.681641
4.685891
4.683766
4.685891
4.37928
4.683766
4.683766
4.683766
4.685891
4.683766
4.685891
4.685891
4.688016
4.683766
4.685891
4.688016
4.690141
2.766228
4.688016
4.685891
4.690141
4.690141
4.692266
4.690141
4.683766
4.694391
2.766459
4.694391
4.688016
4.692266
4.692266
4.688016
4.692266
4.692266
4.692266
4.690141
4.692266
4.692266
4.694391
4.694391
4.690141
4.694391
4.694391
4.696517
4.696517
4.692266
4.692266
4.692266
4.696517
4.696517
4.692266
4.692266
4.698642
4.698642
4.696517
4.694391
4.698642
4.700767
4.696517
3.869153
4.698642
4.700767
4.700767
4.698642
4.698642
4.702892
4.702892
4.700767
4.700767
4.698642
4.707142
4.700767
4.705017
4.705017
4.696517
4.698642
4.707142
4.700767
4.705017
4.702892
4.702892
4.707142
4.702892
4.709267
4.702892
4.705017
4.705017
4.709267
4.711392
4.707142
4.707142
4.713518
4.711392
4.707142
4.711392
4.709267
4.715643
4.713518
4.709267
4.709267
4.705017
4.709267
4.717768
4.711392
4.07957
4.715541
0.5193071
4.711392
4.715643
3.862365
4.719893
1.841533
4.719893
3.304421
4.372852
4.719893
4.715643
4.717768
4.719893
4.717768
4.717768
4.717768
4.722018
4.722018
4.717768
4.722018
4.717768
4.719893
4.724143
2.785253
4.719893
4.722018
4.726268
4.724143
4.719893
4.726268
4.722018
4.722018
4.728393
4.728393
4.724143
4.722018
4.726268
4.226451
4.728393
4.730519
4.730519
4.728393
4.732644
1.710499
4.730519
4.728393
4.728393
4.728393
4.732644
4.734769
4.732644
4.726268
4.728393
3.372905
4.734769
1.712808
4.730519
4.734769
4.732644
4.732644
4.732644
4.736894
4.736894
4.736894
4.736894
4.732644
4.732644
4.736894
4.736894
4.734769
3.244314
4.732644
4.739019
4.736894
4.732644
4.734769
4.736894
4.739019
4.734769
3.595115
4.734769
4.736894
4.734769
4.736894
4.741144
4.739019
4.734769
4.736894
4.739019
4.736894
4.734769
4.741144
4.741144
4.741144
7.071364
5.9863
6.823846
7.115801
6.551102
6.951562
6.908769
6.698755
7.899186
7.369423
7.115801
6.149881
7.511267
8.010576
7.370629
6.825327
7.652508
6.551102
7.260296
4.869442
6.541776
6.960399
4.514938
6.607821
6.114986
6.598388
5.900996
8.139403
6.133731
6.939298
7.325463
7.115937
6.760806
7.755731
7.183357
7.588967
8.314933
7.588967
7.4781
7.588967
7.4781
7.231417
7.249744
8.163927
7.371519
7.899186
8.010576
8.432186
7.365401
7.138361
8.314933
8.430687
7.902064
7.249744
7.652508
7.370723
7.741861
8.009153
7.902064
7.137575
8.114449
7.732433
7.450934
6.956212
7.773758
7.720239
7.199784
6.108236
7.1177
7.774589
7.976336
6.960399
6.935645
8.054209
6.602447
6.938175
9.05549
10.1862
7.011171
8.857473
8.056953
8.387358
8.901666
9.914773
8.185274
7.548291
6.923183
8.896737
8.843269
10.974
5.867365
8.967935
9.137142
8.050123
10.56791
9.431193
5.867509
9.908762
10.54131
8.191091
6.286463
9.273244
7.384728
6.924057
6.303531
10.62492
9.060403
9.602252
9.429886
9.8148
9.838918
9.964657
9.345856
9.953769
10.16772
10.09367
9.05549
9.054396
10.46559
8.896737
9.435778
9.908762
9.433997
8.056121
10.92719
10.39308
7.85077
11.11878
10.01171
9.990997
11.011
9.881144
10.4301
10.40518
10.4253
9.834474
9.431193
10.45475
9.953769
9.302724
10.38083
9.861543
10.5395
10.56284
9.020544
10.56284
10.54157
10.11575
8.897453
9.495461
9.986503
10.09864
10.56284
8.860933
10.20028
8.652471
10.52073
10.88735
9.361317
9.973566
6.859651
8.655785
8.371337
10.15378
6.588829
8.108386
8.727224
7.560216
8.705086
8.720087
9.310627
8.268178
7.461753
9.912606
10.23708
12.0314
9.06435
5.258569
9.176916
8.377824
11.4296
8.801531
8.717316
6.177027
12.0314
10.83926
8.645689
7.943959
10.28221
8.100179
9.749055
8.207141
8.275302
11.4296
11.42983
10.56816
11.13342
9.818645
10.8003
10.24971
10.54771
8.191673
10.88705
10.51215
11.44164
9.144034
11.42983
10.53122
10.566
9.646448
10.82804
11.42983
9.790285
10.566
10.83926
12.0314
11.44164
11.4922
12.04383
11.71939
11.15528
11.15528
6.437837
11.44144
10.56816
9.403323
9.775584
10.92854
10.35335
11.44164
11.44373
11.7424
10.84143
9.778168
10.84143
9.979
11.11629
9.215317
9.973618
10.19739
9.009192
11.39984
