0.51 0.03 3.26 NA NA
0.13 0 0.17 NA NA
0.14 0 0.14 NA NA
0.21 0 0.22 NA NA
0.19 0 0.17 NA NA
0.13 0 0.15 NA NA
0.12 0 0.13 NA NA
0.14 0 0.14 NA NA
0.16 0 0.25 NA NA
0.15 0 0.16 NA NA
0.17 0 0.15 NA NA
0.16 0 0.16 NA NA
0.15 0 0.15 NA NA
0.17 0 0.17 NA NA
0.14 0 0.14 NA NA
0.14 0 0.16 NA NA
0.17 0 0.19 NA NA
0.16 0 0.15 NA NA
0.23 0 0.24 NA NA
0.17 0 0.17 NA NA
0.17 0 0.2 NA NA
0.14 0 0.16 NA NA
0.15 0 0.17 NA NA
0.16 0 0.16 NA NA
0.15 0 0.16 NA NA
0.16 0 0.15 NA NA
0.19 0 0.18 NA NA
0.19 0 0.19 NA NA
0.16 0 0.19 NA NA
52.07 0.11 54.13 NA NA
57.21 0.03 58.7 NA NA
70.24 0.12 72.18 NA NA
80.09 0.09 82.68 NA NA
83.02 0.14 84.88 NA NA
54.66 0.03 55.15 NA NA
70.23 0.06 71.56 NA NA
71.39 0.08 72.47 NA NA
65.52 0.05 67.12 NA NA
78.14 0.1 79.5 NA NA
71.71 0.06 72.94 NA NA
62.58 0.08 63.23 NA NA
62.35 0.13 62.9 NA NA
82.3 0.14 83.1 NA NA
55.04 0.07 55.58 NA NA
64.1 0.19 64.96 NA NA
61.63 0.09 62.37 NA NA
61.35 0.11 61.87 NA NA
64.91 0.08 65.47 NA NA
70.17 0.06 70.84 NA NA
59.78 0.06 60.59 NA NA
58.72 0.11 59.53 NA NA
65.8 0.08 66.4 NA NA
21.53 0.14 27.64 NA NA
22 0.11 23.42 NA NA
23.26 0.13 23.87 NA NA
23 0.07 23.43 NA NA
23.51 0.09 24.06 NA NA
22.51 0.12 22.79 NA NA
23.68 0.12 24.02 NA NA
23.79 0.13 23.96 NA NA
23.58 0.2 24.19 NA NA
24.86 0.11 25.08 NA NA
25.55 0.05 25.67 NA NA
25.54 0.14 26.1 NA NA
25.94 0.08 26.14 NA NA
26.78 0.08 27.34 NA NA
25.87 0.12 26.13 NA NA
26.84 0.11 27.05 NA NA
27.07 0.09 27.77 NA NA
26.52 0.14 26.77 NA NA
27 0.17 27.48 NA NA
26.26 0.02 26.35 NA NA
27.13 0.15 27.39 NA NA
25.04 0.14 25.44 NA NA
29.41 0.14 29.95 NA NA
30.64 0.17 31.53 NA NA
29.24 0.18 29.89 NA NA
30.77 0.09 31.23 NA NA
32.62 0.17 33.16 NA NA
32.46 0.12 32.93 NA NA
32.82 0.21 33.32 NA NA
33.76 0.08 34.17 NA NA
27.97 0.06 28.36 NA NA
30.76 0.18 31.23 NA NA
31.56 0.07 31.9 NA NA
34.41 0.14 35.11 NA NA
30.64 0.08 31.11 NA NA
28.18 0.08 28.46 NA NA
29.14 0.14 29.67 NA NA
27.21 0.13 27.62 NA NA
29.84 0.11 30.8 NA NA
27.91 0.16 28.47 NA NA
29.2 0.14 29.84 NA NA
27.24 0.08 27.77 NA NA
29.7 0.05 30.57 NA NA
29.9 0.12 32.52 NA NA
32.12 0.14 37.5 NA NA
28.33 0.11 31.35 NA NA
31.85 0.29 39.68 NA NA
28.45 0.12 29.08 NA NA
27.66 0.18 28.05 NA NA
29.61 0.14 31.22 NA NA
29.77 0.09 31.35 NA NA
29.07 0.19 30.61 NA NA
28.35 0.13 28.77 NA NA
28.34 0.04 28.57 NA NA
31.94 0.19 32.67 NA NA
31.51 0.12 32.5 NA NA
29.78 0.16 30.61 NA NA
29.59 0.11 29.84 NA NA
30.32 0.06 31.33 NA NA
30.89 0.14 31.43 NA NA
30.54 0.13 30.93 NA NA
30.96 0.12 31.29 NA NA
30.83 0.18 31.55 NA NA
32.41 0.09 32.79 NA NA
32.48 0.13 33.41 NA NA
26.91 0.11 27.38 NA NA
27.03 0.11 27.29 NA NA
28.52 0.16 29.13 NA NA
27.64 0.07 28.02 NA NA
27.87 0.16 28.78 NA NA
27.92 0.2 28.33 NA NA
26.28 0.14 26.86 NA NA
28.92 0.09 29.18 NA NA
27.2 0.21 27.69 NA NA
28.06 0.1 28.25 NA NA
26.75 0.11 26.96 NA NA
31.62 0.21 32.34 NA NA
31.59 0.16 32.28 NA NA
28.25 0.06 28.54 NA NA
29.88 0.17 30.73 NA NA
29.57 0.11 30.06 NA NA
27.97 0.05 28.46 NA NA
27.69 0.17 28.44 NA NA
29.13 0.19 29.92 NA NA
27.36 0.25 28.05 NA NA
29.69 0.17 30.72 NA NA
28.05 0.14 28.56 NA NA
28.46 0.2 29.19 NA NA
28.81 0.19 29.72 NA NA
29.24 0.14 29.7 NA NA
28.64 0.11 29.48 NA NA
28.43 0.12 29.02 NA NA
28.39 0.11 28.87 NA NA
27.24 0.09 27.86 NA NA
28.37 0.13 28.75 NA NA
27.33 0.18 27.77 NA NA
27.47 0.09 28.2 NA NA
26.29 0.17 26.66 NA NA
27.82 0.23 28.55 NA NA
27.08 0.14 27.63 NA NA
28.17 0.12 28.8 NA NA
26.45 0.19 27.45 NA NA
27.08 0.17 27.61 NA NA
26.91 0.09 27.33 NA NA
27.41 0.07 27.82 NA NA
27.31 0.08 27.83 NA NA
24.37 0.19 25.12 NA NA
24.18 0.17 24.71 NA NA
23.61 0.22 24.01 NA NA
23.99 0.08 24.22 NA NA
23.43 0.08 23.76 NA NA
24.46 0.11 24.87 NA NA
22.93 0.1 23.4 NA NA
23.51 0.05 23.79 NA NA
22.68 0.08 23.16 NA NA
23.08 0.08 23.43 NA NA
22.3 0.16 22.8 NA NA
22.53 0.17 22.85 NA NA
22.73 0.04 23.05 NA NA
22.65 0.11 23.44 NA NA
23.57 0.09 24.18 NA NA
22.62 0.06 22.9 NA NA
23.76 0.14 24.37 NA NA
22.87 0.08 23.15 NA NA
23.8 0.1 24.35 NA NA
23.08 0.11 23.74 NA NA
24.24 0.15 24.98 NA NA
23.06 0.1 23.4 NA NA
23.37 0.13 24.04 NA NA
25.08 0.07 25.36 NA NA
24.54 0.13 25.16 NA NA
25.05 0.11 25.38 NA NA
24.48 0.07 25.12 NA NA
25.07 0.08 25.41 NA NA
25.24 0.02 25.69 NA NA
27.07 0.14 27.7 NA NA
26.02 0.12 26.55 NA NA
26.8 0.11 27.35 NA NA
26.16 0.08 26.59 NA NA
26.16 0.17 26.6 NA NA
27.22 0.11 27.78 NA NA
28.12 0.17 28.99 NA NA
27.34 0.24 28.13 NA NA
26.86 0.14 27.74 NA NA
27 0.18 27.58 NA NA
26.05 0.14 26.71 NA NA
28.39 0.11 29.11 NA NA
29.38 0.18 32.93 NA NA
25.74 0.12 26.52 NA NA
24.37 0.11 24.73 NA NA
25.75 0.09 27.01 NA NA
24.4 0.07 24.72 NA NA
24.72 0.09 25.13 NA NA
28.87 0.14 35.15 NA NA
24.5 0.14 24.84 NA NA
25.32 0.19 25.9 NA NA
24.96 0.07 25.4 NA NA
27.1 0.09 27.9 NA NA
27.59 0.14 28.33 NA NA
28.04 0.04 32.79 NA NA
24.12 0.06 24.32 NA NA
25.75 0.11 26.44 NA NA
24.09 0.13 24.4 NA NA
23.93 0.11 24.45 NA NA
23.62 0.08 23.87 NA NA
23.83 0.08 24.29 NA NA
26.03 0.14 26.45 NA NA
24.57 0.13 25.15 NA NA
27.61 0.11 32.62 NA NA
24.29 0.16 24.81 NA NA
25.76 0.11 26.66 NA NA
24.69 0.06 25.04 NA NA
24.85 0.07 25.17 NA NA
24.52 0.03 24.85 NA NA
25.69 0.05 26.59 NA NA
24.82 0.04 25.46 NA NA
24.49 0.07 25.1 NA NA
25.38 0.03 26.27 NA NA
25.02 0.05 27.12 NA NA
26.57 0.11 29.58 NA NA
23.49 0.08 23.78 NA NA
26.33 0.08 28.45 NA NA
24.5 0.15 25.21 NA NA
24.85 0.12 25.4 NA NA
27.01 0.11 29.94 NA NA
27.44 0.08 31.25 NA NA
27.77 0.08 28.72 NA NA
25.07 0.09 25.65 NA NA
25.58 0.12 26.68 NA NA
24.71 0.06 25.43 NA NA
24.51 0.12 25.24 NA NA
23.65 0.11 24.12 NA NA
27.64 0.11 29.44 NA NA
25.88 0.11 26.66 NA NA
26 0.17 26.46 NA NA
25.29 0.1 25.46 NA NA
28.32 0.09 29.68 NA NA
26.29 0.15 26.78 NA NA
26.03 0.09 26.28 NA NA
28.38 0.12 29.34 NA NA
26.82 0.12 27.53 NA NA
26.57 0.09 26.8 NA NA
26.41 0.07 27.24 NA NA
27.25 0.11 27.82 NA NA
28.09 0.08 31.21 NA NA
27.93 0.06 28.21 NA NA
28.75 0.19 30.43 NA NA
28.06 0.09 28.62 NA NA
27.86 0.07 28.71 NA NA
28.51 0.14 30.4 NA NA
27.32 0.18 27.93 NA NA
27.91 0.14 28.72 NA NA
27.11 0.09 27.46 NA NA
27.77 0.09 28.81 NA NA
27.83 0.09 28.12 NA NA
26.72 0.1 27.12 NA NA
28.36 0.12 28.88 NA NA
27.37 0.14 27.83 NA NA
27.46 0.12 28.21 NA NA
27.02 0.1 27.53 NA NA
27.05 0.05 27.74 NA NA
27 0.09 27.55 NA NA
26.51 0.11 27.02 NA NA
26.82 0.11 27.77 NA NA
26.92 0.1 27.45 NA NA
27.38 0.13 28.05 NA NA
24.79 0.14 25.63 NA NA
27.26 0.17 28.03 NA NA
27.21 0.24 28.13 NA NA
27.84 0.14 28.66 NA NA
28.11 0.22 29.08 NA NA
29.79 0.14 30.31 NA NA
29.01 0.14 29.74 NA NA
30.32 0.06 30.98 NA NA
28.73 0.17 29.23 NA NA
29.3 0.07 29.88 NA NA
31.89 0.17 33.96 NA NA
26.47 0.01 26.76 NA NA
28.16 0.2 28.88 NA NA
3.26 0 3.26 NA NA
3.59 0 3.59 NA NA
3.96 0 4.04 NA NA
3.15 0.01 3.18 NA NA
3.19 0 3.24 NA NA
3.66 0.01 3.77 NA NA
4.41 0.03 4.67 NA NA
4.15 0 4.55 NA NA
3.11 0.02 3.13 NA NA
3.86 0.03 3.9 NA NA
4.26 0.01 4.29 NA NA
3.42 0.02 3.43 NA NA
4.23 0 4.27 NA NA
4.05 0.01 4.09 NA NA
4.03 0 4.04 NA NA
3.86 0.05 3.9 NA NA
3.75 0.03 3.77 NA NA
3.76 0.03 3.81 NA NA
4.09 0 4.16 NA NA
4.34 0.02 4.42 NA NA
3.46 0.02 3.49 NA NA
3.89 0.02 3.98 NA NA
4.13 0.03 4.32 NA NA
4.1 0 4.14 NA NA
4.43 0.01 4.55 NA NA
3.88 0 3.99 NA NA
4.29 0.03 4.35 NA NA
4.38 0 4.54 NA NA
4.35 0 4.38 NA NA
3.71 0 3.84 NA NA
3.71 0.02 3.76 NA NA
4.71 0.05 4.87 NA NA
3.96 0 4.06 NA NA
3.51 0.03 3.57 NA NA
4.11 0 4.2 NA NA
4.03 0 4.04 NA NA
4.26 0 4.35 NA NA
4.2 0.02 4.27 NA NA
4.24 0 4.28 NA NA
3.86 0.01 3.95 NA NA
4.36 0.03 4.59 NA NA
3.63 0 3.68 NA NA
4.38 0.02 4.43 NA NA
4.18 0 4.18 NA NA
3.95 0 3.98 NA NA
3.9 0 3.93 NA NA
3.95 0 4.03 NA NA
3.65 0.02 3.68 NA NA
4.07 0.02 4.16 NA NA
4.09 0 4.07 NA NA
4.37 0.01 5.2 NA NA
4.06 0.05 4.17 NA NA
4.35 0.03 4.41 NA NA
4.16 0 4.23 NA NA
4.25 0 4.28 NA NA
4.04 0 4.04 NA NA
4.43 0.02 4.53 NA NA
3.71 0 3.72 NA NA
4.07 0 4.09 NA NA
4.03 0 4.1 NA NA
4.1 0.02 4.15 NA NA
4.12 0.02 4.43 NA NA
4.06 0 4.05 NA NA
3.87 0 3.93 NA NA
4.24 0.01 4.26 NA NA
4.72 0.08 5.24 NA NA
4.59 0 4.91 NA NA
4.33 0.03 4.4 NA NA
3.92 0.06 4.01 NA NA
4.02 0 4.05 NA NA
4.27 0.03 4.39 NA NA
4.38 0.03 4.63 NA NA
4.29 0.03 4.43 NA NA
4.34 0.02 4.48 NA NA
4.11 0.02 4.42 NA NA
4.77 0 5.31 NA NA
4.37 0.01 4.83 NA NA
4.23 0.02 4.29 NA NA
4.24 0 4.29 NA NA
4.47 0.03 4.54 NA NA
4.51 0.02 4.56 NA NA
4.46 0.01 4.68 NA NA
3.9 0 3.92 NA NA
3.95 0.02 3.99 NA NA
3.96 0.01 3.99 NA NA
4.03 0 4.04 NA NA
4.07 0 4.09 NA NA
3.98 0 4.01 NA NA
4.2 0 4.23 NA NA
4.25 0 4.27 NA NA
4.18 0 4.23 NA NA
4.29 0.02 4.35 NA NA
4.54 0.03 4.68 NA NA
4.77 0.01 4.91 NA NA
4.07 0.01 4.18 NA NA
4.23 0 4.27 NA NA
4.37 0.03 4.53 NA NA
4.15 0 4.19 NA NA
4.11 0.01 4.19 NA NA
4.08 0.01 4.15 NA NA
4.13 0.02 4.22 NA NA
4.17 0 4.23 NA NA
4.4 0 4.49 NA NA
4.1 0 4.16 NA NA
4.19 0.03 4.28 NA NA
4.62 0.03 4.68 NA NA
3.83 0.03 3.92 NA NA
4 0 4.03 NA NA
4.15 0 4.19 NA NA
4.05 0.01 4.11 NA NA
4 0 4.03 NA NA
4.09 0.04 4.21 NA NA
4.08 0.02 4.15 NA NA
4.26 0.09 4.54 NA NA
4.36 0.04 4.55 NA NA
4.14 0 4.15 NA NA
4.28 0.01 4.3 NA NA
4.28 0 4.32 NA NA
3.79 0 3.81 NA NA
3.96 0 4 NA NA
3.96 0.02 4.01 NA NA
4.09 0.01 4.15 NA NA
4.19 0 4.25 NA NA
4.18 0.01 4.35 NA NA
3.28 0.03 3.34 NA NA
4.2 0.04 4.3 NA NA
3.89 0.02 3.99 NA NA
4.13 0.01 4.16 NA NA
4.21 0.01 4.27 NA NA
4.24 0.02 4.26 NA NA
3.85 0 3.95 NA NA
4.07 0 4.13 NA NA
3.99 0.03 4.27 NA NA
3.54 0.03 3.64 NA NA
4.49 0.02 4.65 NA NA
4.44 0.01 4.51 NA NA
4.57 0.02 4.62 NA NA
4.05 0 4.13 NA NA
4.77 0.01 4.87 NA NA
4.37 0.01 4.42 NA NA
3.89 0.01 3.93 NA NA
4.3 0.03 4.43 NA NA
4.32 0 4.4 NA NA
4.98 0.04 5.15 NA NA
4.22 0 4.27 NA NA
3.96 0.03 4.07 NA NA
4.06 0 4.18 NA NA
3.43 0 3.46 NA NA
4.19 0.02 4.3 NA NA
3.88 0.01 3.91 NA NA
4.1 0.02 4.12 NA NA
4.35 0 4.4 NA NA
3.64 0.03 3.68 NA NA
3.92 0.04 4.26 NA NA
3.85 0 3.95 NA NA
4.54 0.02 4.57 NA NA
4.17 0.02 4.24 NA NA
4.13 0.03 4.21 NA NA
4.34 0 4.4 NA NA
4.23 0.01 4.25 NA NA
4.11 0 4.13 NA NA
3.62 0 3.64 NA NA
4.27 0 4.32 NA NA
4.04 0.04 4.21 NA NA
4.37 0.03 4.52 NA NA
4.46 0.03 4.58 NA NA
4.42 0.01 4.52 NA NA
4.11 0.03 4.31 NA NA
4.28 0.03 4.35 NA NA
4.79 0.02 4.87 NA NA
3.7 0.03 3.79 NA NA
3.84 0.01 3.92 NA NA
3.84 0.02 3.9 NA NA
4.25 0.04 4.41 NA NA
3.91 0 4.24 NA NA
3.93 0.02 4.06 NA NA
4.41 0.02 4.45 NA NA
4.18 0.03 4.26 NA NA
4.26 0.01 4.35 NA NA
4.07 0 4.17 NA NA
3.98 0.03 4.1 NA NA
4.5 0.03 4.62 NA NA
4.75 0.02 4.9 NA NA
4.08 0.03 4.21 NA NA
4.19 0.02 4.46 NA NA
3.73 0 3.8 NA NA
3.92 0.03 4.07 NA NA
4.28 0.03 4.34 NA NA
4.41 0.01 4.46 NA NA
3.37 0.02 3.4 NA NA
4.04 0.01 4.05 NA NA
4.08 0.02 4.12 NA NA
3.97 0 4.04 NA NA
4.02 0.04 4.09 NA NA
3.85 0 3.92 NA NA
3.66 0 3.76 NA NA
3.66 0.02 3.78 NA NA
3.87 0.01 3.93 NA NA
3.73 0 3.74 NA NA
4.04 0.01 4.16 NA NA
4.03 0.02 4.15 NA NA
3.87 0.03 3.94 NA NA
3.73 0.02 3.81 NA NA
4.05 0 4.09 NA NA
4.17 0.01 4.29 NA NA
4.29 0 4.46 NA NA
4.37 0.02 4.62 NA NA
4.48 0.01 4.6 NA NA
4.11 0 4.17 NA NA
4.36 0.01 4.51 NA NA
4.21 0 4.27 NA NA
4.34 0.02 4.43 NA NA
4.29 0 4.46 NA NA
4.38 0 4.45 NA NA
4.27 0.01 4.39 NA NA
4.07 0.03 4.24 NA NA
4.69 0.03 4.93 NA NA
4.18 0.05 4.32 NA NA
4.54 0.02 4.62 NA NA
4.43 0.02 4.53 NA NA
4.45 0.04 4.67 NA NA
4.27 0.05 5.01 NA NA
4.78 0.02 5.43 NA NA
4.29 0.03 4.5 NA NA
4.1 0.03 4.38 NA NA
4.39 0.09 4.8 NA NA
4.06 0 4.09 NA NA
4.05 0.01 4.12 NA NA
4.1 0 4.12 NA NA
4.06 0.01 4.09 NA NA
3.98 0 4 NA NA
4.01 0.02 4.07 NA NA
4.34 0.02 4.35 NA NA
3.82 0.02 3.84 NA NA
3.78 0 3.77 NA NA
3.76 0 3.78 NA NA
4.08 0 4.17 NA NA
3.9 0.02 3.91 NA NA
4.08 0 4.07 NA NA
4.06 0 4.07 NA NA
4.08 0 4.13 NA NA
4.16 0 4.21 NA NA
4.15 0.03 4.24 NA NA
4.38 0 4.45 NA NA
4.03 0.05 4.15 NA NA
4.19 0 4.26 NA NA
3.86 0.03 4.01 NA NA
3.98 0.03 4.17 NA NA
3.93 0.01 4.04 NA NA
3.81 0 3.82 NA NA
3.89 0.01 3.95 NA NA
3.93 0.07 4.06 NA NA
3.77 0.01 3.82 NA NA
3.99 0.01 4.04 NA NA
4.11 0.05 4.18 NA NA
4.01 0.03 4.05 NA NA
3.96 0.01 3.98 NA NA
4.41 0.02 4.48 NA NA
3.93 0.02 4.17 NA NA
3.83 0.01 3.87 NA NA
3.81 0 3.8 NA NA
4.3 0.01 4.63 NA NA
3.98 0.03 4.04 NA NA
3.93 0 3.94 NA NA
3.94 0 4.05 NA NA
3.98 0.02 4.01 NA NA
4.09 0 4.12 NA NA
4.04 0.01 4.1 NA NA
4.03 0.03 4.12 NA NA
4.2 0.05 4.31 NA NA
4.15 0.04 4.21 NA NA
3.7 0 3.76 NA NA
3.85 0 3.91 NA NA
3.96 0 4.02 NA NA
3.95 0 3.98 NA NA
3.82 0 3.84 NA NA
3.93 0.02 4.01 NA NA
4.04 0 4.09 NA NA
3.96 0.03 4.04 NA NA
4.01 0.02 4.08 NA NA
4.1 0.01 4.15 NA NA
4.13 0.03 4.22 NA NA
4.46 0.02 4.5 NA NA
4 0.01 4.07 NA NA
4.01 0 4.06 NA NA
3.89 0.03 3.95 NA NA
4.02 0 4.02 NA NA
4.09 0 4.12 NA NA
3.95 0.01 3.98 NA NA
4.21 0 4.29 NA NA
0.05 0 0.04 NA NA
0.05 0 0.04 NA NA
0.03 0 0.04 NA NA
0.03 0 0.03 NA NA
0.04 0 0.05 NA NA
0.03 0 0.03 NA NA
0.05 0 0.05 NA NA
0.05 0 0.05 NA NA
0.03 0 0.03 NA NA
0.05 0 0.04 NA NA
0.05 0 0.05 NA NA
0.03 0 0.03 NA NA
0.03 0 0.03 NA NA
0.05 0 0.08 NA NA
0.04 0 0.05 NA NA
0.03 0 0.03 NA NA
0.06 0 0.06 NA NA
0.04 0 0.04 NA NA
0.04 0 0.03 NA NA
0.05 0 0.05 NA NA
0.07 0 0.06 NA NA
0.04 0 0.05 NA NA
0.06 0 0.06 NA NA
0.05 0 0.05 NA NA
0.03 0 0.03 NA NA
0.04 0 0.09 NA NA
0.05 0 0.05 NA NA
0.03 0 0.03 NA NA
0.03 0 0.04 NA NA
0.05 0 0.05 NA NA
0.03 0 0.06 NA NA
0.06 0 0.06 NA NA
0.05 0 0.05 NA NA
0.03 0 0.04 NA NA
0.05 0 0.04 NA NA
0.05 0 0.05 NA NA
0.05 0 0.05 NA NA
0.05 0 0.04 NA NA
0.08 0 0.08 NA NA
0.05 0 0.05 NA NA
0.08 0 0.12 NA NA
0.03 0 0.03 NA NA
0.05 0 0.05 NA NA
0.04 0 0.05 NA NA
0.03 0 0.03 NA NA
0.08 0 0.08 NA NA
0.05 0 0.05 NA NA
0.05 0 0.05 NA NA
0.03 0 0.03 NA NA
0.05 0 0.05 NA NA
0.05 0 0.05 NA NA
0.05 0 0.05 NA NA
0.06 0 0.06 NA NA
0.04 0 0.05 NA NA
0.04 0 0.05 NA NA
0.03 0 0.03 NA NA
0.05 0 0.1 NA NA
0.05 0 0.04 NA NA
0.04 0 0.05 NA NA
0.03 0 0.03 NA NA
0.04 0 0.05 NA NA
0.04 0 0.05 NA NA
0.03 0 0.03 NA NA
0.05 0 0.05 NA NA
0.03 0 0.03 NA NA
0.06 0 0.06 NA NA
0.05 0 0.04 NA NA
0.05 0 0.05 NA NA
0.03 0.02 0.09 NA NA
0.05 0 0.05 NA NA
0.05 0 0.05 NA NA
0.03 0 0.03 NA NA
0.07 0 0.06 NA NA
0.03 0 0.03 NA NA
0.05 0 0.05 NA NA
0.04 0 0.06 NA NA
0.05 0 0.05 NA NA
0.05 0 0.05 NA NA
0.04 0 0.04 NA NA
0.04 0 0.04 NA NA
0.07 0.01 0.14 NA NA
0.03 0 0.03 NA NA
0.03 0 0.05 NA NA
0.03 0 0.03 NA NA
0.05 0 0.05 NA NA
0.05 0 0.04 NA NA
0.06 0 0.11 NA NA
0.05 0 0.04 NA NA
0.06 0 0.06 NA NA
0.05 0 0.05 NA NA
0.05 0 0.04 NA NA
0.03 0 0.03 NA NA
0.04 0 0.05 NA NA
0.03 0 0.03 NA NA
0.04 0 0.05 NA NA
0.05 0 0.05 NA NA
0.05 0 0.05 NA NA
0.05 0 0.05 NA NA
0.06 0 0.07 NA NA
0.05 0 0.05 NA NA
0.03 0 0.03 NA NA
0.04 0 0.05 NA NA
0.04 0 0.05 NA NA
0.08 0 0.08 NA NA
0.05 0 0.05 NA NA
0.03 0 0.03 NA NA
0.04 0 0.05 NA NA
0.05 0 0.05 NA NA
0.04 0 0.05 NA NA
0.03 0 0.04 NA NA
0.03 0 0.03 NA NA
0.03 0 0.05 NA NA
0.04 0 0.04 NA NA
0.05 0 0.05 NA NA
0.04 0 0.05 NA NA
0.04 0 0.05 NA NA
0.04 0 0.05 NA NA
0.07 0 0.08 NA NA
0.05 0 0.05 NA NA
0.03 0 0.05 NA NA
0.04 0 0.05 NA NA
0.05 0 0.04 NA NA
0.06 0 0.06 NA NA
0.04 0 0.07 NA NA
0.05 0 0.05 NA NA
0.05 0 0.05 NA NA
0.03 0 0.03 NA NA
0.05 0 0.06 NA NA
0.05 0 0.04 NA NA
0.05 0 0.05 NA NA
0.03 0 0.03 NA NA
0.03 0 0.03 NA NA
0.05 0 0.04 NA NA
0.05 0 0.04 NA NA
0.03 0 0.03 NA NA
0.02 0.02 0.03 NA NA
0.05 0 0.05 NA NA
0.05 0 0.05 NA NA
0.03 0 0.03 NA NA
0.03 0 0.04 NA NA
0.03 0 0.03 NA NA
0.03 0 0.03 NA NA
0.03 0 0.03 NA NA
0.05 0 0.05 NA NA
0.03 0 0.03 NA NA
0.05 0 0.05 NA NA
0.03 0 0.03 NA NA
0.04 0 0.03 NA NA
0.04 0 0.05 NA NA
0.05 0 0.05 NA NA
0.04 0 0.05 NA NA
0.05 0 0.04 NA NA
0.03 0 0.03 NA NA
0.05 0 0.04 NA NA
0.04 0 0.05 NA NA
0.04 0 0.05 NA NA
0.05 0 0.05 NA NA
0.03 0 0.03 NA NA
0.05 0 0.05 NA NA
0.05 0 0.04 NA NA
0.03 0 0.04 NA NA
0.05 0 0.05 NA NA
0.03 0 0.03 NA NA
0.03 0 0.03 NA NA
0.03 0 0.03 NA NA
0.04 0 0.05 NA NA
0.05 0 0.04 NA NA
0.05 0 0.04 NA NA
0.05 0 0.04 NA NA
0.06 0 0.04 NA NA
0.05 0 0.07 NA NA
0.03 0 0.03 NA NA
0.05 0 0.05 NA NA
0.05 0 0.04 NA NA
0.05 0 0.04 NA NA
0.03 0 0.08 NA NA
0.05 0 0.05 NA NA
0.06 0 0.08 NA NA
0.03 0 0.03 NA NA
0.03 0 0.03 NA NA
0.03 0 0.04 NA NA
0.04 0 0.04 NA NA
0.03 0.01 0.04 NA NA
0.05 0 0.05 NA NA
0.05 0 0.06 NA NA
0.08 0 0.08 NA NA
0.04 0 0.05 NA NA
0.05 0 0.04 NA NA
0.03 0 0.04 NA NA
0.05 0 0.04 NA NA
0.04 0 0.05 NA NA
0.03 0 0.03 NA NA
0.04 0 0.04 NA NA
0.05 0 0.05 NA NA
0.05 0 0.05 NA NA
0.04 0 0.05 NA NA
0.05 0 0.05 NA NA
0.04 0 0.05 NA NA
0.04 0 0.03 NA NA
0.03 0 0.03 NA NA
0.04 0 0.05 NA NA
0.05 0 0.05 NA NA
0.04 0 0.05 NA NA
0.04 0 0.04 NA NA
0.03 0 0.03 NA NA
0.05 0 0.04 NA NA
0.04 0 0.04 NA NA
0.04 0 0.04 NA NA
0.05 0 0.05 NA NA
0.05 0 0.05 NA NA
0.03 0 0.03 NA NA
0.03 0 0.05 NA NA
0.04 0 0.05 NA NA
0.03 0 0.03 NA NA
0.05 0 0.05 NA NA
0.06 0 0.06 NA NA
0.05 0 0.05 NA NA
0.05 0 0.05 NA NA
0.05 0 0.05 NA NA
0.04 0 0.04 NA NA
0.05 0 0.04 NA NA
0.05 0 0.04 NA NA
0.04 0 0.05 NA NA
0.05 0 0.04 NA NA
0.05 0 0.05 NA NA
0.05 0 0.04 NA NA
0.05 0 0.05 NA NA
0.05 0 0.05 NA NA
0.05 0 0.04 NA NA
0.04 0 0.05 NA NA
0.08 0 0.07 NA NA
0.05 0 0.05 NA NA
0.05 0 0.05 NA NA
0.01 0 0.03 NA NA
0.04 0 0.05 NA NA
0.05 0 0.04 NA NA
0.05 0 0.05 NA NA
0.06 0 0.07 NA NA
0.05 0 0.04 NA NA
0.03 0 0.04 NA NA
0.06 0 0.07 NA NA
0.05 0 0.04 NA NA
0.05 0 0.05 NA NA
0.06 0 0.06 NA NA
0.04 0 0.05 NA NA
0.05 0 0.05 NA NA
0.03 0 0.03 NA NA
0.05 0 0.05 NA NA
0.03 0 0.03 NA NA
0.05 0 0.05 NA NA
0.04 0 0.03 NA NA
0.04 0 0.05 NA NA
0.03 0 0.03 NA NA
0.03 0 0.03 NA NA
0.05 0 0.05 NA NA
0.03 0 0.05 NA NA
0.05 0 0.05 NA NA
0.03 0 0.03 NA NA
0.05 0 0.05 NA NA
0.05 0 0.05 NA NA
0.03 0 0.03 NA NA
0.05 0 0.05 NA NA
0.05 0 0.05 NA NA
0.06 0 0.13 NA NA
0.05 0 0.04 NA NA
0.05 0 0.05 NA NA
0.06 0 0.07 NA NA
0.05 0 0.04 NA NA
0.05 0 0.05 NA NA
0.05 0 0.05 NA NA
0.04 0 0.05 NA NA
0.06 0 0.07 NA NA
0.05 0 0.04 NA NA
0.06 0 0.07 NA NA
0.05 0 0.04 NA NA
0.03 0 0.04 NA NA
0.04 0 0.05 NA NA
0.03 0 0.05 NA NA
0.03 0 0.05 NA NA
0.04 0 0.04 NA NA
0.04 0 0.04 NA NA
0.06 0 0.06 NA NA
0.04 0 0.04 NA NA
0.04 0 0.04 NA NA
0.04 0 0.05 NA NA
0.04 0 0.05 NA NA
0.05 0 0.05 NA NA
0.06 0 0.06 NA NA
0.05 0 0.04 NA NA
0.05 0 0.04 NA NA
0.05 0 0.05 NA NA
0.06 0 0.06 NA NA
0.05 0 0.05 NA NA
0.05 0 0.04 NA NA
0.06 0 0.06 NA NA
0.03 0 0.03 NA NA
0.05 0 0.04 NA NA
0.03 0 0.03 NA NA
0.05 0 0.05 NA NA
0.05 0 0.05 NA NA
0.04 0 0.05 NA NA
0.05 0 0.05 NA NA
0.05 0 0.04 NA NA
0.04 0 0.05 NA NA
0.04 0 0.05 NA NA
0.04 0 0.05 NA NA
0.06 0 0.07 NA NA
0.03 0 0.04 NA NA
0.05 0 0.04 NA NA
0.05 0 0.05 NA NA
0.05 0 0.04 NA NA
0.05 0 0.04 NA NA
0.03 0 0.03 NA NA
0.05 0 0.06 NA NA
0.04 0 0.05 NA NA
0.04 0 0.04 NA NA
0.04 0 0.04 NA NA
0.03 0 0.04 NA NA
0.06 0 0.06 NA NA
0.05 0 0.05 NA NA
0.04 0 0.05 NA NA
0.04 0 0.04 NA NA
0.05 0 0.05 NA NA
0.04 0 0.05 NA NA
0.05 0 0.04 NA NA
0.05 0 0.05 NA NA
0.05 0 0.05 NA NA
0.03 0 0.05 NA NA
0.05 0 0.05 NA NA
0.05 0 0.04 NA NA
0.04 0 0.03 NA NA
0.05 0 0.05 NA NA
0.05 0 0.05 NA NA
0.05 0 0.05 NA NA
0.05 0 0.04 NA NA
0.05 0 0.05 NA NA
0.04 0 0.05 NA NA
0.08 0 0.14 NA NA
0.03 0 0.03 NA NA
0.03 0 0.03 NA NA
0.05 0 0.05 NA NA
0.04 0 0.04 NA NA
0.05 0 0.05 NA NA
0.05 0.02 0.09 NA NA
0.09 0 0.07 NA NA
0.06 0 0.06 NA NA
0.03 0 0.04 NA NA
0.05 0 0.04 NA NA
0.05 0 0.05 NA NA
0.05 0 0.05 NA NA
0.05 0 0.05 NA NA
0.04 0 0.05 NA NA
0.04 0 0.04 NA NA
0.03 0 0.03 NA NA
0.03 0 0.04 NA NA
0.05 0 0.04 NA NA
0.03 0 0.1 NA NA
0.05 0 0.05 NA NA
0.06 0 0.05 NA NA
0.05 0 0.05 NA NA
0.04 0 0.04 NA NA
0.04 0 0.06 NA NA
0.06 0 0.07 NA NA
0.05 0 0.04 NA NA
0.04 0 0.05 NA NA
0.04 0 0.05 NA NA
0.07 0 0.06 NA NA
0.06 0 0.07 NA NA
0.05 0 0.04 NA NA
0.05 0 0.04 NA NA
0.03 0 0.03 NA NA
0.04 0 0.03 NA NA
0.04 0 0.05 NA NA
0.07 0 0.06 NA NA
0.05 0 0.05 NA NA
0.04 0.02 0.05 NA NA
0.05 0 0.05 NA NA
0.03 0 0.05 NA NA
0.03 0.01 0.04 NA NA
0.05 0 0.09 NA NA
0.06 0 0.06 NA NA
0.04 0 0.03 NA NA
0.04 0 0.04 NA NA
0.03 0 0.04 NA NA
0.05 0 0.05 NA NA
0.05 0 0.05 NA NA
0.06 0 0.06 NA NA
0.06 0 0.07 NA NA
0.03 0 0.03 NA NA
0.03 0 0.03 NA NA
0.05 0 0.05 NA NA
0.03 0 0.03 NA NA
0.03 0 0.04 NA NA
0.04 0 0.05 NA NA
0.07 0 0.06 NA NA
0.03 0 0.03 NA NA
0.05 0 0.05 NA NA
0.05 0 0.04 NA NA
0.03 0 0.04 NA NA
0.04 0 0.05 NA NA
0.05 0 0.05 NA NA
0.06 0 0.07 NA NA
0.05 0 0.05 NA NA
0.03 0 0.04 NA NA
0.04 0 0.04 NA NA
0.04 0 0.03 NA NA
0.05 0 0.04 NA NA
0.04 0 0.03 NA NA
0.05 0 0.05 NA NA
0.03 0 0.03 NA NA
0.05 0 0.05 NA NA
0.05 0 0.04 NA NA
0.03 0 0.04 NA NA
0.05 0 0.05 NA NA
0.04 0 0.04 NA NA
0.05 0 0.06 NA NA
0.05 0 0.05 NA NA
0.06 0 0.05 NA NA
0.05 0 0.05 NA NA
0.05 0 0.05 NA NA
0.05 0 0.05 NA NA
0.05 0 0.05 NA NA
0.03 0 0.03 NA NA
0.06 0 0.06 NA NA
0.03 0 0.04 NA NA
0.05 0 0.04 NA NA
0.05 0 0.05 NA NA
0.05 0 0.04 NA NA
0.03 0 0.03 NA NA
0.04 0 0.04 NA NA
0.04 0 0.05 NA NA
0.06 0 0.09 NA NA
0.05 0 0.04 NA NA
0.05 0 0.04 NA NA
0.07 0 0.04 NA NA
0.03 0 0.03 NA NA
0.05 0 0.04 NA NA
0.04 0 0.04 NA NA
0.04 0 0.05 NA NA
0.07 0 0.06 NA NA
0.04 0 0.04 NA NA
0.05 0 0.04 NA NA
0.04 0 0.04 NA NA
0.01 0 0.04 NA NA
0.04 0 0.04 NA NA
0.05 0 0.05 NA NA
0.05 0 0.04 NA NA
0.06 0 0.06 NA NA
0.03 0 0.05 NA NA
0.05 0 0.04 NA NA
0.05 0 0.04 NA NA
0.05 0 0.05 NA NA
0.03 0 0.03 NA NA
0.05 0 0.04 NA NA
0.07 0 0.07 NA NA
0.04 0 0.04 NA NA
0.05 0 0.05 NA NA
0.03 0 0.03 NA NA
0.06 0 0.06 NA NA
0.03 0 0.05 NA NA
0.04 0 0.05 NA NA
0.05 0 0.05 NA NA
0.03 0.01 0.05 NA NA
0.04 0 0.03 NA NA
0.05 0 0.05 NA NA
0.05 0 0.04 NA NA
0.04 0 0.05 NA NA
0.06 0 0.06 NA NA
0.05 0 0.05 NA NA
0.06 0 0.06 NA NA
0.04 0 0.07 NA NA
0.05 0 0.05 NA NA
0.03 0 0.03 NA NA
0.03 0 0.03 NA NA
0.03 0 0.03 NA NA
0.05 0 0.05 NA NA
0.07 0 0.07 NA NA
0.04 0 0.04 NA NA
0.04 0 0.05 NA NA
0.05 0 0.04 NA NA
0.05 0 0.04 NA NA
0.05 0 0.05 NA NA
0.03 0 0.05 NA NA
0.08 0 0.08 NA NA
0.05 0 0.09 NA NA
0.04 0 0.04 NA NA
0.05 0 0.04 NA NA
0.04 0 0.04 NA NA
0.04 0 0.05 NA NA
0.05 0 0.04 NA NA
0.06 0 0.06 NA NA
0.05 0 0.05 NA NA
0.03 0 0.03 NA NA
0.05 0 0.05 NA NA
0.05 0 0.04 NA NA
0.05 0 0.04 NA NA
0.05 0 0.07 NA NA
0.04 0 0.04 NA NA
0.06 0 0.07 NA NA
0.05 0 0.05 NA NA
0.03 0 0.03 NA NA
0.05 0 0.05 NA NA
0.03 0 0.04 NA NA
0.06 0 0.07 NA NA
0.05 0 0.07 NA NA
0.03 0.01 0.04 NA NA
0.05 0 0.05 NA NA
0.05 0 0.04 NA NA
0.05 0 0.04 NA NA
0.04 0 0.05 NA NA
0.04 0 0.04 NA NA
0.05 0 0.05 NA NA
0.06 0 0.07 NA NA
0.07 0 0.06 NA NA
0.03 0 0.03 NA NA
0.03 0 0.04 NA NA
0.05 0 0.04 NA NA
0.05 0 0.05 NA NA
0.05 0 0.04 NA NA
0.05 0 0.06 NA NA
0.05 0 0.05 NA NA
0.08 0 0.07 NA NA
0.03 0 0.04 NA NA
0.04 0 0.05 NA NA
0.05 0 0.04 NA NA
0.05 0 0.06 NA NA
0.05 0 0.05 NA NA
0.04 0 0.04 NA NA
0.09 0 0.09 NA NA
0.05 0 0.05 NA NA
0.05 0 0.05 NA NA
0.04 0 0.04 NA NA
0.04 0 0.03 NA NA
0.03 0 0.03 NA NA
0.04 0 0.05 NA NA
0.06 0 0.07 NA NA
0.05 0 0.04 NA NA
0.05 0 0.04 NA NA
0.05 0 0.05 NA NA
0.04 0 0.05 NA NA
0.05 0 0.06 NA NA
0.05 0 0.05 NA NA
0.05 0 0.06 NA NA
0.05 0 0.04 NA NA
0.04 0 0.05 NA NA
0.04 0 0.05 NA NA
0.07 0 0.05 NA NA
0.04 0 0.04 NA NA
0.03 0 0.05 NA NA
0.05 0 0.05 NA NA
0.06 0 0.07 NA NA
0.05 0 0.04 NA NA
0.05 0 0.05 NA NA
0.04 0 0.05 NA NA
0.05 0 0.05 NA NA
0.08 0 0.08 NA NA
0.03 0 0.05 NA NA
0.07 0 0.08 NA NA
0.05 0 0.05 NA NA
0.05 0 0.05 NA NA
0.03 0 0.04 NA NA
0.05 0 0.05 NA NA
0.05 0 0.05 NA NA
0.06 0 0.06 NA NA
0.06 0 0.06 NA NA
0.05 0 0.05 NA NA
0.05 0 0.09 NA NA
0.03 0.02 0.05 NA NA
0.05 0 0.05 NA NA
0.04 0 0.05 NA NA
0.05 0 0.05 NA NA
0.06 0 0.06 NA NA
0.05 0 0.04 NA NA
0.05 0 0.05 NA NA
0.06 0 0.07 NA NA
0.05 0 0.06 NA NA
0.04 0 0.05 NA NA
0.07 0 0.06 NA NA
0.06 0 0.06 NA NA
0.06 0 0.06 NA NA
0.06 0 0.07 NA NA
0.05 0 0.04 NA NA
0.04 0 0.04 NA NA
0.05 0 0.04 NA NA
0.05 0 0.07 NA NA
0.06 0 0.08 NA NA
0.06 0 0.07 NA NA
0.05 0 0.05 NA NA
0.03 0 0.03 NA NA
0.05 0 0.05 NA NA
0.04 0 0.06 NA NA
0.05 0 0.05 NA NA
0.04 0 0.05 NA NA
0.06 0 0.07 NA NA
0.03 0 0.04 NA NA
0.05 0 0.05 NA NA
0.05 0 0.05 NA NA
0.05 0 0.04 NA NA
0.04 0 0.05 NA NA
0.05 0 0.06 NA NA
0.08 0 0.08 NA NA
0.06 0 0.06 NA NA
0.03 0 0.04 NA NA
0.05 0 0.04 NA NA
0.06 0 0.06 NA NA
0.04 0 0.05 NA NA
0.03 0 0.05 NA NA
0.08 0 0.08 NA NA
0.05 0 0.05 NA NA
0.05 0 0.04 NA NA
0.04 0 0.04 NA NA
0.05 0 0.05 NA NA
0.05 0 0.06 NA NA
0.05 0 0.04 NA NA
0.08 0 0.08 NA NA
0.05 0 0.04 NA NA
0.05 0 0.04 NA NA
0.06 0 0.07 NA NA
0.06 0 0.07 NA NA
0.05 0 0.04 NA NA
0.05 0 0.05 NA NA
0.08 0 0.08 NA NA
0.05 0 0.04 NA NA
0.06 0 0.06 NA NA
0.05 0 0.05 NA NA
0.05 0 0.04 NA NA
0.05 0 0.04 NA NA
0.04 0 0.1 NA NA
0.07 0 0.08 NA NA
0.05 0 0.05 NA NA
0.05 0 0.04 NA NA
0.05 0 0.05 NA NA
0.06 0 0.06 NA NA
0.05 0 0.04 NA NA
0.06 0 0.06 NA NA
0.08 0 0.08 NA NA
0.05 0 0.05 NA NA
0.03 0 0.05 NA NA
0.05 0 0.05 NA NA
0.05 0 0.04 NA NA
0.07 0 0.07 NA NA
0.04 0 0.05 NA NA
0.06 0 0.07 NA NA
0.05 0 0.06 NA NA
0.04 0 0.04 NA NA
0.04 0 0.05 NA NA
0.03 0 0.05 NA NA
0.05 0 0.05 NA NA
0.03 0 0.03 NA NA
0.05 0 0.05 NA NA
0.08 0 0.08 NA NA
0.05 0 0.05 NA NA
0.03 0 0.03 NA NA
0.05 0 0.05 NA NA
0.06 0 0.06 NA NA
0.03 0 0.03 NA NA
0.03 0 0.03 NA NA
0.03 0 0.03 NA NA
0.05 0 0.05 NA NA
0.05 0 0.05 NA NA
0.03 0 0.03 NA NA
0.03 0 0.04 NA NA
0.05 0 0.05 NA NA
0.03 0 0.03 NA NA
0.03 0 0.03 NA NA
0.05 0 0.04 NA NA
0.05 0 0.05 NA NA
0.05 0 0.04 NA NA
0.03 0 0.03 NA NA
0.05 0 0.05 NA NA
0.03 0 0.03 NA NA
0.03 0 0.03 NA NA
0.05 0 0.05 NA NA
0.03 0 0.03 NA NA
0.05 0 0.05 NA NA
0.03 0 0.03 NA NA
0.03 0 0.03 NA NA
0.03 0 0.04 NA NA
0.03 0 0.03 NA NA
0.03 0 0.03 NA NA
0.03 0 0.03 NA NA
0.03 0 0.03 NA NA
0.03 0 0.03 NA NA
0.05 0 0.05 NA NA
0.04 0 0.05 NA NA
0.04 0 0.03 NA NA
0.03 0 0.03 NA NA
0.03 0 0.03 NA NA
0.03 0 0.03 NA NA
0.03 0 0.03 NA NA
0.03 0 0.03 NA NA
0.04 0 0.05 NA NA
0.03 0 0.13 NA NA
0.04 0 0.05 NA NA
0.04 0 0.03 NA NA
0.03 0 0.03 NA NA
0.03 0 0.03 NA NA
0.03 0 0.04 NA NA
0.03 0 0.03 NA NA
0.04 0 0.04 NA NA
0.05 0 0.05 NA NA
0.05 0 0.05 NA NA
0.03 0 0.03 NA NA
0.04 0 0.05 NA NA
0.03 0 0.03 NA NA
0.04 0 0.03 NA NA
0.04 0 0.05 NA NA
0.05 0 0.06 NA NA
0.04 0 0.04 NA NA
0.04 0 0.05 NA NA
0.05 0 0.07 NA NA
0.03 0 0.04 NA NA
0.03 0 0.03 NA NA
0.05 0 0.05 NA NA
0.04 0 0.05 NA NA
0.03 0 0.03 NA NA
0.03 0 0.04 NA NA
0.03 0 0.03 NA NA
0.03 0 0.03 NA NA
0.03 0 0.05 NA NA
0.03 0 0.03 NA NA
0.04 0 0.05 NA NA
0.03 0 0.03 NA NA
0.03 0 0.03 NA NA
0.04 0 0.03 NA NA
0.05 0 0.04 NA NA
0.03 0 0.03 NA NA
0.01 0.02 0.04 NA NA
0.03 0 0.03 NA NA
0.03 0 0.03 NA NA
0.03 0 0.03 NA NA
0.04 0 0.05 NA NA
0.03 0 0.03 NA NA
0.04 0 0.05 NA NA
0.05 0 0.05 NA NA
0.05 0 0.05 NA NA
0.04 0 0.08 NA NA
0.03 0 0.05 NA NA
0.03 0 0.03 NA NA
0.03 0 0.03 NA NA
0.05 0 0.05 NA NA
0.03 0 0.04 NA NA
0.05 0 0.06 NA NA
0.03 0 0.03 NA NA
0.04 0 0.05 NA NA
0.04 0 0.04 NA NA
0.05 0 0.05 NA NA
0.06 0 0.07 NA NA
0.05 0 0.04 NA NA
0.03 0 0.03 NA NA
0.05 0 0.05 NA NA
0.04 0 0.04 NA NA
0.04 0 0.04 NA NA
0.03 0.02 0.05 NA NA
0.05 0 0.05 NA NA
0.07 0 0.08 NA NA
0.05 0 0.05 NA NA
0.05 0 0.04 NA NA
0.04 0 0.04 NA NA
0.05 0 0.05 NA NA
0.05 0 0.05 NA NA
0.05 0 0.05 NA NA
0.03 0 0.03 NA NA
0.06 0 0.08 NA NA
0.05 0 0.04 NA NA
0.04 0 0.05 NA NA
0.04 0 0.04 NA NA
0.05 0 0.07 NA NA
0.05 0 0.05 NA NA
0.07 0 0.06 NA NA
0.04 0 0.05 NA NA
0.06 0 0.11 NA NA
0.04 0 0.05 NA NA
0.05 0 0.05 NA NA
0.04 0 0.05 NA NA
0.05 0 0.05 NA NA
0.05 0 0.04 NA NA
0.05 0 0.06 NA NA
0.08 0 0.08 NA NA
0.05 0 0.05 NA NA
0.05 0 0.05 NA NA
0.04 0 0.05 NA NA
0.04 0 0.04 NA NA
0.05 0 0.05 NA NA
0.05 0 0.06 NA NA
0.04 0 0.06 NA NA
0.07 0 0.1 NA NA
0.04 0 0.04 NA NA
0.04 0 0.04 NA NA
0.05 0 0.05 NA NA
0.04 0 0.03 NA NA
0.06 0 0.11 NA NA
0.05 0 0.05 NA NA
0.07 0 0.07 NA NA
0.05 0 0.05 NA NA
0.05 0 0.05 NA NA
0.04 0 0.04 NA NA
0.05 0 0.05 NA NA
0.03 0 0.03 NA NA
0.04 0 0.05 NA NA
0.1 0 0.14 NA NA
0.04 0 0.05 NA NA
0.05 0 0.05 NA NA
0.07 0 0.12 NA NA
0.05 0 0.04 NA NA
0.04 0 0.04 NA NA
0.08 0 0.1 NA NA
0.06 0 0.07 NA NA
0.04 0 0.05 NA NA
0.04 0 0.04 NA NA
0.04 0 0.04 NA NA
0.04 0.02 0.05 NA NA
0.06 0 0.12 NA NA
0.07 0 0.08 NA NA
0.05 0 0.05 NA NA
0.05 0 0.04 NA NA
0.04 0 0.07 NA NA
0.05 0 0.04 NA NA
0.05 0 0.04 NA NA
0.05 0 0.05 NA NA
0.06 0.01 0.07 NA NA
0.06 0 0.07 NA NA
0.05 0 0.05 NA NA
0.04 0 0.04 NA NA
0.05 0 0.11 NA NA
0.03 0 0.03 NA NA
0.06 0 0.06 NA NA
0.03 0 0.03 NA NA
0.05 0 0.05 NA NA
0.08 0 0.12 NA NA
0.05 0 0.05 NA NA
0.05 0 0.05 NA NA
0.03 0 0.03 NA NA
0.04 0 0.04 NA NA
0.07 0 0.16 NA NA
0.05 0 0.04 NA NA
0.05 0 0.05 NA NA
0.03 0 0.03 NA NA
0.05 0 0.04 NA NA
0.05 0 0.08 NA NA
0.04 0 0.05 NA NA
0.07 0 0.08 NA NA
0.05 0 0.05 NA NA
0.04 0 0.05 NA NA
0.04 0 0.08 NA NA
0.06 0 0.07 NA NA
0.07 0 0.06 NA NA
0.05 0 0.04 NA NA
0.05 0 0.05 NA NA
0.05 0 0.13 NA NA
0.05 0 0.05 NA NA
0.05 0 0.05 NA NA
0.05 0 0.04 NA NA
0.05 0 0.05 NA NA
0.04 0 0.04 NA NA
0.05 0 0.05 NA NA
0.07 0 0.08 NA NA
0.05 0 0.04 NA NA
0.01 0 0.11 NA NA
0.05 0 0.05 NA NA
0.06 0 0.06 NA NA
0.04 0 0.05 NA NA
0.04 0 0.04 NA NA
0.06 0 0.11 NA NA
0.04 0 0.04 NA NA
0.03 0 0.03 NA NA
0.05 0 0.05 NA NA
0.04 0 0.05 NA NA
0.04 0 0.05 NA NA
0.4 0 0.45 NA NA
0.05 0 0.05 NA NA
0.04 0 0.05 NA NA
0.03 0 0.03 NA NA
0.04 0 0.05 NA NA
0.05 0 0.05 NA NA
0.03 0 0.05 NA NA
0.05 0 0.04 NA NA
0.04 0 0.05 NA NA
0.03 0 0.03 NA NA
0.02 0.02 0.03 NA NA
0.05 0 0.05 NA NA
0.04 0 0.04 NA NA
0.05 0 0.05 NA NA
0.04 0 0.03 NA NA
0.03 0 0.03 NA NA
0.05 0 0.05 NA NA
0.03 0 0.03 NA NA
0.03 0 0.06 NA NA
0.03 0 0.03 NA NA
0.05 0 0.04 NA NA
0.04 0 0.04 NA NA
0.05 0 0.05 NA NA
0.05 0 0.05 NA NA
0.03 0 0.03 NA NA
0.03 0 0.03 NA NA
0.04 0 0.04 NA NA
0.05 0 0.07 NA NA
0.04 0 0.05 NA NA
0.03 0 0.03 NA NA
0.03 0 0.03 NA NA
0.05 0 0.04 NA NA
0.03 0 0.03 NA NA
0.04 0 0.05 NA NA
0.03 0 0.03 NA NA
0.03 0 0.03 NA NA
0.03 0 0.03 NA NA
0.05 0 0.05 NA NA
0.05 0 0.05 NA NA
0.04 0 0.04 NA NA
0.05 0 0.05 NA NA
0.05 0 0.05 NA NA
0.03 0 0.04 NA NA
0.04 0 0.05 NA NA
0.03 0 0.03 NA NA
0.03 0 0.03 NA NA
0.07 0 0.06 NA NA
0.05 0 0.04 NA NA
0.04 0 0.05 NA NA
0.05 0 0.04 NA NA
0.05 0 0.05 NA NA
0.03 0 0.03 NA NA
0.06 0 0.06 NA NA
0.03 0 0.03 NA NA
0.05 0 0.05 NA NA
0.04 0 0.05 NA NA
0.07 0 0.08 NA NA
0.04 0 0.05 NA NA
0.05 0 0.05 NA NA
0.03 0 0.03 NA NA
0.03 0 0.03 NA NA
0.03 0 0.03 NA NA
0.03 0 0.03 NA NA
0.03 0 0.03 NA NA
0.03 0 0.03 NA NA
0.05 0 0.05 NA NA
0.03 0 0.03 NA NA
0.03 0 0.03 NA NA
0.04 0 0.04 NA NA
0.03 0 0.03 NA NA
0.05 0 0.05 NA NA
0.03 0 0.03 NA NA
0.03 0 0.03 NA NA
0.03 0 0.03 NA NA
0.04 0 0.05 NA NA
0.03 0 0.03 NA NA
0.03 0 0.03 NA NA
0.04 0 0.04 NA NA
0.04 0 0.04 NA NA
0.05 0 0.04 NA NA
0.03 0 0.04 NA NA
0.03 0 0.03 NA NA
0.04 0 0.03 NA NA
0.07 0 0.06 NA NA
0.04 0 0.03 NA NA
0.05 0 0.05 NA NA
0.05 0 0.04 NA NA
0.03 0 0.04 NA NA
0.06 0 0.06 NA NA
0.1 0 0.1 NA NA
0.03 0 0.03 NA NA
0.05 0 0.04 NA NA
0.03 0 0.03 NA NA
0.03 0 0.04 NA NA
0.03 0 0.03 NA NA
0.08 0 0.08 NA NA
0.06 0 0.06 NA NA
0.05 0 0.04 NA NA
0.05 0 0.05 NA NA
0.05 0 0.05 NA NA
0.05 0 0.04 NA NA
0.05 0 0.05 NA NA
0.06 0 0.06 NA NA
0.04 0 0.03 NA NA
0.05 0 0.05 NA NA
0.06 0 0.07 NA NA
0.03 0 0.03 NA NA
0.05 0 0.05 NA NA
0.05 0 0.04 NA NA
0.05 0 0.05 NA NA
0.05 0 0.04 NA NA
0.05 0 0.04 NA NA
0.05 0 0.04 NA NA
0.03 0 0.03 NA NA
0.03 0 0.03 NA NA
0.03 0 0.04 NA NA
0.05 0 0.04 NA NA
0.04 0 0.05 NA NA
0.04 0 0.05 NA NA
0.03 0 0.03 NA NA
0.04 0 0.04 NA NA
0.03 0 0.03 NA NA
0.03 0 0.03 NA NA
0.05 0 0.04 NA NA
0.03 0 0.03 NA NA
0.06 0 0.06 NA NA
0.05 0 0.05 NA NA
0.03 0 0.03 NA NA
0.03 0 0.03 NA NA
0.05 0 0.05 NA NA
0.05 0 0.05 NA NA
0.03 0 0.03 NA NA
0.04 0 0.03 NA NA
0.04 0 0.05 NA NA
0.03 0 0.03 NA NA
0.05 0 0.05 NA NA
0.03 0 0.03 NA NA
0.05 0 0.05 NA NA
0.04 0 0.05 NA NA
0.08 0 0.08 NA NA
0.03 0 0.04 NA NA
0.04 0 0.05 NA NA
0.05 0 0.05 NA NA
0.02 0 0.08 NA NA
0.05 0 0.04 NA NA
0.05 0 0.05 NA NA
0.05 0 0.05 NA NA
0.04 0 0.04 NA NA
0.03 0 0.03 NA NA
0.04 0 0.03 NA NA
0.05 0 0.06 NA NA
0.03 0 0.03 NA NA
0.03 0 0.03 NA NA
0.05 0 0.05 NA NA
0.05 0 0.05 NA NA
0.05 0 0.05 NA NA
0.05 0 0.05 NA NA
0.05 0 0.04 NA NA
0.03 0 0.03 NA NA
0.03 0 0.03 NA NA
0.04 0 0.03 NA NA
0.05 0 0.05 NA NA
0.03 0 0.03 NA NA
0.05 0 0.04 NA NA
0.03 0 0.04 NA NA
0.05 0 0.05 NA NA
0.04 0 0.05 NA NA
0.05 0 0.04 NA NA
0.03 0 0.03 NA NA
0.05 0 0.04 NA NA
0.04 0 0.05 NA NA
0.04 0 0.05 NA NA
0.03 0 0.03 NA NA
0.03 0 0.03 NA NA
0.07 0 0.06 NA NA
0.03 0 0.03 NA NA
0.03 0 0.03 NA NA
0.05 0 0.04 NA NA
0.04 0 0.05 NA NA
0.03 0 0.04 NA NA
0.03 0 0.04 NA NA
0.04 0 0.04 NA NA
0.04 0 0.04 NA NA
0.03 0 0.03 NA NA
0.03 0 0.03 NA NA
0.04 0 0.05 NA NA
0.05 0 0.04 NA NA
0.06 0 0.06 NA NA
0.04 0 0.04 NA NA
0.05 0 0.05 NA NA
0.04 0 0.04 NA NA
0.05 0 0.04 NA NA
0.05 0 0.05 NA NA
0.05 0 0.05 NA NA
0.03 0 0.03 NA NA
0.04 0 0.04 NA NA
0.03 0 0.04 NA NA
0.03 0 0.03 NA NA
0.05 0 0.05 NA NA
0.03 0 0.04 NA NA
0.03 0 0.03 NA NA
0.03 0 0.03 NA NA
0.03 0 0.03 NA NA
0.04 0 0.05 NA NA
0.05 0 0.04 NA NA
0.03 0 0.03 NA NA
0.05 0 0.04 NA NA
0.03 0 0.03 NA NA
0.05 0 0.05 NA NA
0.03 0 0.03 NA NA
0.03 0 0.03 NA NA
